23 5765.1865821447082 1029.324032961018 3430.6406806737232 5780.8931381223802 1036.083185605534 3434.8102437948764 5799.3468700959284 1047.1233694280993 3441.3713016697279 5809.8450140651112 1054.6809458368894 3445.0819095798633 5820.6423410806183 1062.1330619567007 3448.9982952549358 5833.3127184838613 1071.2018782813161 3454.1988196894081 5849.0969152652469 1082.4642524464853 3461.2412418038534 5857.5006937061708 1087.7417906581027 3464.0273638882509 5876.8765890003779 1104.4015179177904 3478.0622291109685 5901.8503166735609 1124.9806962101782 3491.5262457990862 5913.2595150987981 1135.696889356901 3497.2147996209665 5930.3454316067791 1152.3359801054526 3504.5560919717886 5937.2385790673416 1158.8749407147327 3506.3963732315497 5959.5995337371369 1177.7531773747648 3509.4711781791807 5982.9414598603807 1195.2457554495318 3510.4316720169008 5997.3301516129613 1207.1218855767429 3511.5972285564726 6010.3814549831504 1219.7282400619908 3513.7594634678003 6027.8067975286522 1241.1826887685909 3521.0233877583405 6037.2508838011063 1261.2745174602853 3522.7989428774863 6061.8415533584093 1272.4583475491129 3531.7389288573709 6094.9684289770339 1276.9007148229771 3545.9465714531689 6097.0717780058039 1283.0058106828258 3547.0071197709767 6111.8780997744279 1366.3531691993201 3544.000555458038
10 6285.7611546486032 1446.7051185858174 3911.6760252811846 6299.3034442777644 1438.7297898651882 3910.2725586119077 6310.3831724298752 1401.8392001910463 3898.5886635710567 6335.1821968344011 1368.7279120574392 3876.218617968816 6353.4295279491271 1353.4760300130247 3862.0144019604359 6367.1358225818121 1345.2038886931273 3852.4226775324323 6384.2980677779824 1337.3477225668387 3841.4883477778276 6399.9460386001374 1330.7018527734965 3831.8290601609292 6415.5107821318079 1327.2985183895005 3822.929367120983 6469.2455850519682 1324.8137537819619 3777.9051777896175
12 6296.1869151799083 955.623238742441 3534.6336969297449 6294.9375373889461 966.17395072181694 3534.7177887535586 6293.8193683734062 989.31316442539196 3536.6993028826992 6292.9531160948409 1000.0364144665157 3537.5717261041382 6289.9165365581293 1012.1142475717135 3537.9906844754855 6287.0485462150955 1032.1920157539873 3540.155518038026 6285.473320470468 1044.2654325795647 3541.3290261020484 6286.114508015974 1058.8806332098393 3544.0603921936781 6285.4089657133518 1077.7682566710212 3547.4557865500587 6284.4075963264513 1101.6973935151088 3552.8963526959838 6281.726132631763 1131.3976759024267 3560.5741484312121 6292.080241501817 1152.7021695056085 3599.4731833346036
6 6753.0837873839846 1384.2228755582023 3245.7404311195728 6765.3353778857527 1447.004510353019 3251.4660080448107 6758.161566819912 1490.7446424081725 3247.5380775614481 6754.7166061783537 1500.8180484491154 3247.0689607403165 6751.7379902175826 1512.3787184931077 3248.3236572295582 6759.5484885199849 1593.9958739141603 3267.934191870936
3 6753.0837873839846 1384.2228755582023 3245.7404311195728 6717.9221918373905 1348.7523659776011 3218.0105989116528 6717.209104376042 1349.2838453843867 3216.8153716437951
2 6753.0837873839846 1384.2228755582023 3245.7404311195728 6837.2370572225509 1299.2612675448563 3308.3665286453547
8 7357.2228065556692 1364.3718685849301 3060.2012011560846 7349.0241154448422 1359.0807887464787 3060.2369661018943 7345.525015519328 1356.4090403648024 3060.4426905290134 7336.4716845823405 1347.5091957657344 3061.9855508135925 7318.0376090230566 1328.2678305495083 3068.7701569100527 7303.9845275411817 1308.7164955424073 3075.1184580824961 7286.0726731345885 1301.4647038566115 3082.8229900306428 7276.6581139819482 1282.8755028149608 3093.6001212574729
8 7443.3411077161518 1415.430966341258 3406.08673025387 7448.6274578544544 1405.6758528485384 3408.4834505060144 7452.377954969018 1386.8279511089859 3409.3882356920321 7443.7734824407507 1358.0271683803862 3405.6773238100295 7436.6605748157162 1338.3991706393745 3402.6261356250275 7425.1723105828623 1323.3980589365822 3396.5172763503824 7424.9632905583976 1297.545894173011 3375.4113736647319 7393.3038776606954 1254.1260478734091 3339.6244081920872
4 6843.7278053469245 1846.9778807884884 3554.2455451663441 6813.3669870941958 1821.069387818347 3548.7796504143535 6795.9212799943634 1807.4818687431391 3543.6513516576242 6711.2199249192854 1679.559167438862 3456.5575951486308
2 7740.3423241888413 897.92337063679406 3097.3109845680169 7730.5082769130058 968.78081101610712 3099.7912648874062
3 6904.080440534909 1418.0321511010386 3296.903955098242 6884.845295097427 1381.227576554488 3307.1792383420002 6837.2370572225509 1299.2612675448563 3308.3665286453547
3 6619.3611293705117 1854.8839694138915 3548.0576592029506 6620.3368717671137 1847.6705158252953 3544.1593085719182 6636.236939420728 1770.1367196334159 3505.7755324483182
3 6439.4951619559297 1376.5187740173578 3856.6585389563847 6441.486036266575 1373.6426727820508 3851.8531882874599 6469.2455850519682 1324.8137537819619 3777.9051777896175
9 6737.8576783138305 1465.6156931334381 3788.2359432080889 6707.5804407998248 1447.4806468439276 3797.0692216799962 6693.0388859426475 1438.4451828998137 3797.0483544632348 6675.1750137070849 1436.4656208214719 3793.3286664668035 6651.4051722497788 1435.4617439980932 3781.3665699654061 6633.6030206524338 1434.053331059991 3773.4095812439346 6595.1975411920921 1412.1251634684766 3777.830887780955 6579.588785508703 1391.8726620427237 3741.7667290117579 6588.4538188685583 1393.3045783086714 3633.2902237307421
8 7651.5597538493021 1095.4418065369014 3123.8990047934094 7628.7405953463694 1127.6097316639468 3131.2456214953722 7586.1254750635617 1148.1650483470708 3152.4742861724371 7559.5064524763538 1156.4999813858631 3165.1000937852959 7541.366399798012 1161.9295958195842 3173.362358534805 7523.2941264253241 1171.1003587703151 3180.3447092976016 7510.7997987859171 1176.4186032828359 3184.4809933350975 7430.0491410918203 1194.7204631106868 3167.437020257169
2 7651.5597538493021 1095.4418065369014 3123.8990047934094 7614.8397114283516 1057.1381020672777 3154.7227680624669
5 7651.5597538493021 1095.4418065369014 3123.8990047934094 7684.5899721541573 1049.2318122349902 3112.8372193067603 7694.4447064639444 1030.4651467974918 3110.3552678119077 7714.9509925925304 994.5542888040975 3104.3159346423481 7730.5082769130058 968.78081101610712 3099.7912648874062
18 7651.5597538493021 1095.4418065369014 3123.8990047934094 7689.8308597218384 1128.7718641657507 3093.043200846947 7713.1144527569404 1154.8243460224878 3072.962432301269 7731.0495299841205 1168.342478390839 3058.800724611991 7778.9157993657745 1167.543937697912 3023.4564566419663 7802.5610237449291 1151.5306194458874 3013.7922846511165 7832.222982423581 1121.8085092210572 3005.5456058365348 7844.0797754278083 1107.9627303574334 3003.3875130984134 7863.5779029788282 1084.8057220715939 3000.8225032639834 7870.8691614391673 1064.984799007842 3004.4214301850761 7871.2779217923417 1053.0868831950911 3008.8877621564984 7869.844130964746 1029.0689659526622 3019.1449780230037 7848.7869092854644 1005.7924869604805 3039.7003613063307 7828.6099560640341 981.66654681878651 3059.7281784916613 7810.0600829164905 978.99452539813456 3067.7383410753832 7790.7940249168287 974.93209645714649 3076.9124920071313 7769.7587450491001 973.28657878484466 3084.5514672971253 7730.5082769130058 968.78081101610712 3099.7912648874062
2 6759.5484885199849 1593.9958739141603 3267.934191870936 6711.2199249192854 1679.559167438862 3456.5575951486308
3 6759.5484885199849 1593.9958739141603 3267.934191870936 6634.5561237439342 1602.5361840614974 3221.0771161506068 6620.5152303419309 1597.7811556433542 3211.3741450818393
6 6371.9608375866528 1199.6379494486644 3690.8148379496001 6416.8578533228492 1214.3537971243074 3611.7370662435173 6439.0992740504134 1233.642767036298 3591.0596340163997 6451.9876785947627 1246.3279025277375 3594.4636682829087 6483.4001695174456 1289.1686035190717 3592.7283570341247 6560.489269239125 1433.7271094264604 3529.9645481557145
4 6371.9608375866528 1199.6379494486644 3690.8148379496001 6333.6738901086192 1181.8157245506704 3666.3937171397756 6311.3081327652344 1167.2598735566353 3630.2730974246865 6292.080241501817 1152.7021695056085 3599.4731833346036
6 6371.9608375866528 1199.6379494486644 3690.8148379496001 6393.5096403108555 1217.0113198147155 3713.1007685089921 6412.8548824315285 1241.5088434427244 3735.4630033709077 6427.5262476390344 1263.8679792579946 3752.9920325095422 6434.1814310032441 1270.8317879181152 3754.9541812173061 6469.2455850519682 1324.8137537819619 3777.9051777896175
2 6469.2455850519682 1324.8137537819619 3777.9051777896175 6588.4538188685583 1393.3045783086714 3633.2902237307421
3 6585.7480136594813 1775.3644739954532 3483.6515782197143 6605.1600109123474 1776.7140024194075 3488.1677054426486 6636.236939420728 1770.1367196334159 3505.7755324483182
2 6560.489269239125 1433.7271094264604 3529.9645481557145 6711.2199249192854 1679.559167438862 3456.5575951486308
11 6560.489269239125 1433.7271094264604 3529.9645481557145 6768.1546553500229 1487.8848588000246 3467.7606655120703 6779.8614062352663 1477.4000076764382 3470.235515888623 6793.6449779335544 1464.0639683914178 3470.7459205909536 6801.983535990531 1452.4124659360452 3464.4569274245696 6809.5901087655839 1436.7535717057347 3456.067163825262 6814.7982392688709 1426.6986529519909 3451.1201201940726 6822.9362575552659 1410.1319973975101 3441.8817807469304 6840.3915408120383 1383.9880398409448 3430.24701415662 6847.5937468804595 1369.4641208281721 3397.0678363118086 6837.2370572225509 1299.2612675448563 3308.3665286453547
15 6560.489269239125 1433.7271094264604 3529.9645481557145 6399.4774862884524 1427.9838376381012 3524.1103591237247 6366.5159504553221 1427.2772750270462 3514.2939250947684 6337.5831341953462 1428.1275297367458 3509.1211941724355 6319.9877165564176 1427.9016818675768 3505.754901055348 6304.7708689017873 1427.3388242623071 3502.8170362692026 6293.4844502759734 1426.5333323832904 3500.5480293875421 6271.6650546085848 1429.4179841908233 3499.2446334091192 6257.5720577143184 1430.8932438955817 3498.0997397598326 6230.0273001056094 1412.1112018367789 3507.2478575661462 6212.503900581637 1398.9425893454479 3513.9994010685964 6197.0504473268966 1386.7831103787639 3520.2945295262798 6179.8435916638991 1376.2358735187886 3528.016026811395 6157.0748836025523 1372.2237840493781 3533.8382495856349 6111.8780997744279 1366.3531691993201 3544.000555458038
2 6560.489269239125 1433.7271094264604 3529.9645481557145 6588.4538188685583 1393.3045783086714 3633.2902237307421
2 6711.2199249192854 1679.559167438862 3456.5575951486308 6636.236939420728 1770.1367196334159 3505.7755324483182
3 7274.544034962576 1235.3250617700662 3447.5903124711167 7277.9236958145957 1239.6287852587157 3438.4279621444048 7284.7003386195784 1269.9876190523344 3394.8982454337388
8 6292.080241501817 1152.7021695056085 3599.4731833346036 6228.3379660718765 1186.6150699454336 3601.742772484959 6198.0659632254619 1215.1297793170941 3607.8158415271632 6174.4415982030305 1235.9101467471223 3608.986962693607 6165.0427686027397 1245.1940482858133 3593.7259536192732 6152.6345022446103 1257.7530002878223 3575.0272301095588 6136.1652357204512 1269.2957327527886 3566.2024287140839 6111.8780997744279 1366.3531691993201 3544.000555458038
4 6075.8861379860036 1459.3194348404159 3550.0687889855371 6082.8771987646533 1454.9716826123188 3548.0551031827313 6089.8942898407595 1445.2927591024372 3543.3793127978629 6111.8780997744279 1366.3531691993201 3544.000555458038
2 6680.4066532887691 1856.5921832126396 3569.0779835199228 6636.236939420728 1770.1367196334159 3505.7755324483182
11 6776.0426481621353 1044.1346757526471 3306.7714970688521 6775.0059167289101 1044.617083323245 3304.5563645987736 6769.575265028102 1047.8874101401645 3299.3893981866572 6747.7964358541321 1064.0054331046847 3283.4317408475254 6738.3349011511746 1075.0988248774947 3273.9026082604214 6723.4701087089388 1103.0100861293115 3263.1346269181349 6722.5012516879769 1131.5961983170848 3264.1844209095912 6729.9717921117008 1155.0943085780289 3269.6096067339231 6740.2145146747343 1182.8767376140736 3274.3381313302816 6752.9314793761732 1199.72916207498 3280.1390200482106 6837.2370572225509 1299.2612675448563 3308.3665286453547
8 5720.3238690343878 1411.3902211721652 3709.9547400613687 5739.9861062321243 1410.4780872954232 3709.1669201597783 5776.8094358607004 1408.0941752581455 3706.7835620573087 5793.548953462132 1407.1480603153047 3707.0786964397225 5802.2937956207979 1406.8175469668849 3705.6762156417535 5834.5065566785797 1407.3459285316221 3702.8637524785445 5851.0484868646827 1407.4862190410784 3702.1782941989645 5903.0637465248192 1406.1553149044503 3691.4178618978035
2 7330.6750726089886 1236.420322166932 3393.2801694287978 7346.5137948953961 1248.469187379231 3362.2211079397566
13 7276.6581139819482 1282.8755028149608 3093.6001212574729 7246.1280135402822 1285.6957642364132 3100.5289203859807 7195.9931370705153 1312.2630384080155 3116.0296629134796 7174.7579217105804 1325.9381620806334 3127.774804759591 7162.8634003107245 1333.9610621184399 3137.1462806168779 7149.693397759359 1342.6483446537527 3150.4234843620939 7133.257523940958 1353.9499150882364 3172.5240838394975 7120.5026277737607 1359.9422414268749 3190.0868848072319 7113.9905665078613 1359.9659983144472 3203.0587541315722 7094.4515262060568 1359.9973277946908 3246.7953705859513 7057.8937705545031 1366.1147605621011 3266.6684153037909 7040.3570276144728 1362.3037707693861 3282.545864366994 7007.0994238685253 1349.6927304577496 3308.568223929311
7 7276.6581139819482 1282.8755028149608 3093.6001212574729 7272.9737491662027 1250.2438127770481 3109.5932730565187 7283.584571209668 1236.5675128794489 3114.9701160257914 7313.1123962652518 1215.1299092332276 3125.9086695610204 7331.2403463855726 1207.1566300924621 3132.3524962142947 7350.3699452387136 1201.5691983217268 3143.0732647595828 7430.0491410918203 1194.7204631106868 3167.437020257169
4 5915.6176659412449 1400.8122551458048 3758.601785897697 5909.3468844987292 1401.0139679436502 3751.433945929457 5898.3762883082454 1403.8383680172353 3724.1066420109532 5903.0637465248192 1406.1553149044503 3691.4178618978035
12 7284.7003386195784 1269.9876190523344 3394.8982454337388 7228.677175362247 1283.488889322806 3405.8478257395459 7205.1786901297546 1286.840583291912 3403.728831109479 7180.9021911594273 1290.5153673227808 3395.3153338792081 7156.6773753507732 1294.513026408149 3386.0106881426868 7142.1391740583467 1297.0085920441677 3381.6086958367769 7114.8481456825448 1305.6043830214176 3370.80355880343 7087.6567618318368 1314.2585939030428 3358.2781462914759 7067.8777477693511 1319.5936063789134 3351.1493578507543 7045.0592941002687 1327.1357772501794 3341.1942837154493 7032.0687745359583 1335.0290214410595 3329.7461243907869 7007.0994238685253 1349.6927304577496 3308.568223929311
2 7284.7003386195784 1269.9876190523344 3394.8982454337388 7346.5137948953961 1248.469187379231 3362.2211079397566
2 7346.5137948953961 1248.469187379231 3362.2211079397566 7393.3038776606954 1254.1260478734091 3339.6244081920872
8 5903.0637465248192 1406.1553149044503 3691.4178618978035 5967.9266760095552 1372.002417887006 3624.0213311509337 6002.9385642627567 1372.6986691377633 3600.5056730621213 6013.9434769627333 1371.3102070979808 3590.2942323307579 6034.6462963593222 1367.3421279743573 3573.7488805364205 6058.4149570516292 1358.155630492312 3561.5526375791633 6081.2341400837395 1368.1087787557103 3553.5753164614121 6111.8780997744279 1366.3531691993201 3544.000555458038
7 7430.0491410918203 1194.7204631106868 3167.437020257169 7459.9653598918276 1207.9442958807551 3236.6022154969664 7450.8216171421218 1220.4602390192574 3264.2217795064494 7437.2911492298053 1228.2525371643676 3276.8283996069063 7423.9108983536598 1237.6554278960809 3296.9509927912063 7409.8194335540711 1246.812607820422 3317.853121611563 7393.3038776606954 1254.1260478734091 3339.6244081920872
3 7007.0994238685253 1349.6927304577496 3308.568223929311 6950.0774984244126 1341.730281313588 3326.8268889655337 6837.2370572225509 1299.2612675448563 3308.3665286453547
2 6641.7975880312661 1345.630152286732 3643.0534204904288 6588.4538188685583 1393.3045783086714 3633.2902237307421
