12 5890.7524137661467 1395.0413757830215 3666.4465796599698 5871.9534251869809 1395.8058998914391 3661.6020362721342 5853.1407698319936 1396.6033492729796 3662.1627527612945 5837.5375059487042 1397.559172827466 3664.8858598664883 5815.4436655470845 1399.0536201210905 3669.6469882141259 5795.2569359917252 1401.553938610743 3675.3089234092622 5786.01960621533 1407.2330955320811 3692.9630450183122 5774.6330182822121 1413.7077101787052 3712.8959672685151 5767.6118917068216 1419.012480380758 3729.5356453330455 5760.5963821255136 1425.4581581924942 3749.9345254923078 5757.5377629660861 1428.3446712122839 3759.07318385082 5760.7787920689179 1431.0840840663493 3768.4984160407234
18 5890.7524137661467 1395.0413757830215 3666.4465796599698 5910.0556658282721 1394.2555006335917 3648.5582234941066 5921.921042247749 1393.7842807357824 3635.4840457390046 5931.5384442018867 1393.3664753424182 3624.2427767614763 5938.3281064605353 1393.3443280453209 3615.9861277349942 5944.1061775131684 1393.2596038560453 3608.9582907719582 5953.2691782401807 1393.2000886841265 3597.7146547985894 5965.0785668724211 1390.454860616225 3586.5026268887686 5982.0346296556363 1383.3872600656962 3575.5806548951177 5990.1505255248467 1380.0282885965678 3570.5546290144043 6006.4397063633487 1373.1252619058705 3561.4000762823239 6014.2301203580373 1369.8400124695108 3557.0472554201733 6036.5073879969914 1360.4932969225724 3544.6521695163278 6049.6557904249476 1356.2806065961527 3538.7489444975813 6059.8982102585196 1349.8036941710832 3536.760477460818 6068.4312246285072 1343.9142987897758 3535.763907409972 6094.2847460882913 1329.6353398752865 3533.8582447302133 6124.8398153990229 1306.7417062954655 3534.8828158779729
5 5890.7524137661467 1395.0413757830215 3666.4465796599698 5908.1401123915366 1394.3590892462651 3694.8122722424901 5913.6218681468372 1394.1456191622688 3706.3536144321924 5917.6479577374066 1393.9927766419187 3716.8409720165814 5922.2207493187452 1393.7584721797684 3732.6191061142003
21 6419.9741458748213 1364.6954079372601 3820.2620276270777 6422.0918442991369 1311.6671912464813 3817.3178422504643 6423.956664042099 1300.8868745722889 3815.7807230543876 6424.0565352498734 1278.7297462751569 3814.5873096327864 6428.035170127554 1266.64681598276 3811.4507258622411 6433.173888176706 1253.9826479495957 3806.4600966405178 6441.8733826406615 1234.688430322921 3797.8188434529952 6449.883238368102 1221.6471360686296 3788.2243380464229 6456.8256693437088 1210.3596094500137 3779.9059498885467 6463.0988422409855 1200.5971564228091 3772.5238651936957 6477.281904219255 1198.5068202786279 3766.6584787352258 6497.0119284570183 1200.0449061563863 3759.6444191880751 6518.892631331043 1201.6990568867786 3751.8949907220099 6530.7091347788246 1202.5763405475241 3747.711542974916 6545.779030251254 1203.7312220814886 3742.3587374956783 6568.2721585415784 1212.496308465307 3732.8420212586125 6576.7932520267595 1225.8830060442067 3727.2105521697486 6582.0896995132034 1235.4794163069582 3724.6436381561848 6586.481977392813 1243.8997663951388 3722.9459712408147 6592.2267726296141 1254.6462033201819 3721.7142663145851 6599.8730486898094 1269.7269747132234 3717.2500660012315
4 6419.9741458748213 1364.6954079372601 3820.2620276270777 6463.3758850932427 1373.3287721584754 3802.9575259829867 6476.532522241745 1377.3470810138867 3797.9063298143064 6491.9211639716723 1376.8791543819273 3795.5086338547171
10 6419.9741458748213 1364.6954079372601 3820.2620276270777 6421.8413334005245 1406.6649715490785 3813.8122617905997 6424.6173617799423 1413.3045815469516 3811.1291076136781 6427.1047479334229 1426.9137733266684 3807.1415634943446 6429.3099016384485 1440.7106682384731 3803.0120963200893 6439.4547234314441 1454.5665792107741 3777.5980330749421 6448.0851759535944 1466.3028154104841 3753.3316223361521 6451.9833815557604 1468.107429441611 3734.1627050009497 6453.8197984808285 1464.7480336517433 3716.0975772858596 6455.0553529115514 1460.8076752270456 3694.865288824778
10 6419.9741458748213 1364.6954079372601 3820.2620276270777 6376.6004912029885 1362.2661156185484 3845.534063922541 6356.3047860007982 1370.2769830130358 3857.7752417176034 6345.8979349913916 1373.0424729341185 3864.0381385060105 6331.3825653413778 1375.0971839246038 3873.0125847479208 6320.1493873269146 1379.1682012388853 3879.964558198606 6311.0469842609436 1383.2106311157618 3885.6001059119508 6290.7429314480651 1391.9547243137854 3898.1041528236465 6270.829813747454 1396.3858230763512 3907.4011864875611 6246.6277328957058 1398.6888220429273 3912.0522086207129
8 6625.2744855282599 1323.7819576839804 3660.4743698796274 6600.9458162266683 1327.3295747010584 3630.8225207989776 6589.6501542137166 1326.4927351287663 3621.2587369933067 6573.990497958991 1332.7227262324814 3607.0624454124991 6538.0277117603046 1348.2031394457281 3577.5317419226531 6512.3403851666772 1361.2692960165316 3559.7721590738197 6495.4530812886414 1368.6052489230888 3553.0537894976551 6481.8749866750995 1371.9283824378706 3549.0246877360296
12 6625.2744855282599 1323.7819576839804 3660.4743698796274 6654.8879465079572 1350.6098331978433 3642.8751256545538 6661.8736722555705 1355.2624634999597 3641.7644921153155 6675.1242372009829 1367.3810944550885 3636.2976699704463 6692.68160519308 1388.2454084046035 3624.3121092754745 6699.8579292923623 1396.6569553172565 3619.4652411256702 6701.5169612081181 1432.2850902297728 3597.8803688104836 6702.6938980893492 1452.7027731869227 3585.6293625506169 6703.8001541982558 1465.6397048858742 3578.3725263648885 6703.9558331210292 1483.9234529893606 3566.2339554547316 6699.4518050118695 1500.0910435297815 3545.9510602320079 6694.377134227333 1516.5754707396543 3520.6526879648054
3 6625.2744855282599 1323.7819576839804 3660.4743698796274 6609.3532598909542 1291.6899391133061 3699.1675194862632 6599.8730486898094 1269.7269747132234 3717.2500660012315
14 6694.377134227333 1516.5754707396543 3520.6526879648054 6657.1593391813331 1512.4408516561532 3508.2656663932939 6640.7732620934839 1511.9569841337079 3504.4742623849033 6617.06575307818 1503.2214163754111 3502.117754577363 6595.097288732175 1490.6789793005009 3501.8172752542537 6577.3897419060186 1479.8681657423276 3503.62604651227 6559.5200432351967 1469.2174920727289 3505.554496404754 6540.941469456614 1458.2197856465853 3507.4158044360579 6530.4395056575095 1452.0440820120075 3508.4936655126235 6521.7577379971372 1446.7662940626437 3510.0907684794715 6512.8345499639245 1441.2550747571058 3512.3063169141383 6508.0255031418974 1437.615281871455 3515.0634917343727 6493.5672547995682 1427.4052833487804 3523.8348081051986 6450.8665603505033 1410.657219803003 3534.8412920997512
21 6694.377134227333 1516.5754707396543 3520.6526879648054 6713.8742284635409 1506.8519335522058 3509.4869591851839 6737.3222389670918 1498.4554316064559 3492.6346902528785 6745.2545767367928 1495.9916793142572 3486.6010422830441 6752.9394534436378 1492.1340745442883 3482.7419343534084 6774.0180765069381 1470.6398890009793 3471.4012366710658 6782.445940731197 1460.660755247754 3466.0061391040008 6789.2927023910934 1452.2007118482429 3461.4133618527803 6795.8282288860228 1444.1480998660754 3457.2594989529898 6800.7802262734303 1438.0263843722616 3454.0782927000328 6809.6194364271478 1427.0450930189077 3448.4323984201283 6817.2038751540031 1417.6039491700492 3443.5840898866263 6826.6045810060723 1405.5368600379097 3437.139380457369 6831.1950001328587 1398.3230052365795 3432.0016280999289 6833.0304557640029 1395.3486054877822 3429.7764904350634 6837.501162647005 1388.5691411898977 3423.8823995927082 6841.6529275922994 1385.6064797549166 3415.1538158718531 6849.854099335731 1382.5137898851306 3400.8168603183622 6853.6916002424769 1379.7954072849459 3392.7013769079676 6863.1826254567368 1378.8339269860046 3373.8530519178153 6890.5425278616958 1378.1092262929603 3345.6183062464052
31 6694.377134227333 1516.5754707396543 3520.6526879648054 6690.6914142027936 1555.5373392193451 3492.1531600355197 6692.9984118596476 1574.0716534739079 3481.7487668785143 6694.7097585737474 1588.4486835187781 3472.6142768545742 6695.8899208233388 1597.8113567539242 3464.206512089308 6697.2855322886335 1608.9949908771953 3454.1287741057217 6698.7130099936576 1618.3005787572877 3441.6326832606387 6699.630605168747 1623.5745260198755 3433.0484786919787 6700.4694720996331 1628.5193839864608 3425.1454369522016 6701.1847848244606 1632.6666460125953 3418.0755837047273 6701.7495116997452 1637.4475583283024 3410.2889621432369 6704.6121376291794 1634.5424301806979 3401.1986089644897 6709.828643021081 1628.9147547123137 3386.5282982739141 6716.1522242740148 1621.4679549552427 3372.4411628012076 6721.5473111929668 1615.0267105981634 3361.2781762207978 6733.8738275090927 1600.2503282183134 3336.9506536496297 6750.5786319374047 1580.2154735298275 3304.0351381487653 6757.2356083969544 1572.161397999485 3291.8730770356879 6765.7016708176043 1562.0929064593236 3277.2835246713162 6778.7247217838267 1550.4013810449185 3264.9243267823153 6787.6658368550779 1537.7507080234452 3266.7817104948135 6794.1677456573816 1529.1018350097058 3267.9352188118951 6815.1675849412359 1500.3683116067739 3273.587558819861 6837.2239667986914 1469.8407864300009 3284.2333506551772 6843.6521713429102 1460.5354480522799 3287.5970352499048 6855.5942414931687 1443.2062377824698 3293.8741780282703 6864.2311071305867 1430.3650658583467 3300.113090440716 6876.2198483698221 1412.1038740951851 3314.5267315095043 6896.1272239909231 1393.8410454013951 3325.7001810161141 6900.0953465828134 1389.9620013714446 3328.1652582910501 6890.5425278616958 1378.1092262929603 3345.6183062464052
28 6124.8398153990229 1306.7417062954655 3534.8828158779729 6093.6126643479292 1278.5320874943077 3526.4982574555252 6086.3286101003423 1273.4282884576805 3524.0974691495589 6076.6302415806776 1265.9277828581398 3521.0596538313935 6063.4029645456612 1255.0578925309546 3516.4306612812006 6053.4396551740301 1248.0037172601089 3512.7237352768561 6043.289896362543 1237.4863018841272 3509.5318730294239 6032.7456590827014 1226.6249133510944 3506.4000282738416 6021.719810221125 1216.9137265004395 3506.2297951809255 6012.4644451630875 1208.8148728161284 3506.0948815904067 5988.9043733798508 1189.8939469176892 3506.3283700176385 5970.8976568859753 1177.0588546227955 3506.5836633688791 5959.8980480483478 1169.2564728713562 3506.7333371782565 5954.2602909614507 1165.3771122686837 3506.7760518919836 5947.0460882543812 1160.5047435876672 3506.8128433114007 5929.9032056843789 1148.3566302047186 3504.7567808696635 5907.9045873686273 1132.5918953198448 3494.5687032949231 5899.9330203584896 1127.1027195718805 3491.1598060321076 5887.152001534876 1118.2703758082073 3485.6304364076645 5880.6728183915839 1113.4672365168442 3482.0268860780429 5872.3248098991598 1107.0716980144903 3477.005945817893 5864.1042881490021 1100.4924127669728 3471.5603126837364 5853.6108194274993 1091.9989660415119 3464.374349035163 5846.6100391106311 1086.1700161926447 3459.5380342866738 5840.1071888402885 1080.6406324597053 3455.1278348522878 5832.1257443092491 1073.3035727765007 3450.172966249113 5825.1631214229501 1066.511962915052 3445.8271302248017 5814.9109305908914 1055.8388297017161 3439.2114169180923
11 6124.8398153990229 1306.7417062954655 3534.8828158779729 6157.515380145951 1332.6387028264185 3529.7728530099535 6160.4922978541708 1336.5281931219372 3528.6242209215002 6165.8513014566925 1342.2836364389429 3526.9737298685309 6181.4580485268907 1352.917806204505 3524.1297948955844 6188.1580624000198 1357.5904601419772 3522.8841632848926 6201.2753220847753 1366.842920337381 3520.4145743464778 6218.6785254624001 1379.2568994283108 3517.1259361493353 6229.838576914949 1385.3403250891843 3516.9034905553367 6250.2943325641199 1395.869714873781 3516.558326407875 6284.4323754897914 1413.1293688932305 3516.0014234809519
6 6124.8398153990229 1306.7417062954655 3534.8828158779729 6144.0829381344201 1278.3632036251042 3549.0876393779895 6145.6185250181716 1271.6998615843499 3552.1120801955826 6149.0322416353429 1262.9191152656724 3557.6238725799899 6159.5734710670422 1248.4940188306907 3576.7581273041419 6175.2257973175438 1235.0191767612343 3604.2697614723747
2 7555.9559706327136 1151.5604432411185 3170.0200899835932 7513.8352130867461 1146.4655859686682 3168.943658164842
50 7555.9559706327136 1151.5604432411185 3170.0200899835932 7581.4256435700954 1183.023731195362 3161.2037845119899 7589.5707746591033 1187.2542077851565 3156.672098348181 7598.2651639768083 1190.9012707215682 3151.7545194900449 7614.8898117041035 1196.5742232439691 3142.1812837089105 7623.0081652941326 1198.4948537468072 3137.4098633628346 7626.799323940596 1198.9395852129712 3135.1273650038202 7652.3422948937332 1200.3220699616647 3119.5450973475026 7672.396416985519 1199.7380829492258 3107.0552829756266 7681.5244644135337 1199.2041838237997 3101.3304611567005 7691.1448114505047 1198.5142612461866 3095.275088789977 7707.6212597696731 1194.8170958908527 3084.4902920820778 7717.2728840173959 1192.4529692184301 3078.1382067229774 7727.3121829298643 1189.9916823971093 3071.5305744248408 7742.0462883167193 1186.3310718954615 3061.8249086674928 7747.4746478275456 1184.8128817455449 3058.2154227750352 7755.7837907459652 1182.1011854461078 3052.7426823372225 7767.4150378102831 1177.703242541734 3045.4932189171454 7786.5488937514092 1168.6070258753909 3034.6685697981784 7798.1255670704122 1163.4326233837789 3028.2353641782001 7822.0144404463545 1151.8804709372048 3015.1490042863188 7826.51813240516 1142.573650128413 3014.3645817152792 7829.2634261313406 1133.6910697914363 3014.5377938585189 7828.3598517156688 1119.0092399990567 3018.0908801399155 7826.0031381300878 1101.983734213554 3022.9661715465195 7823.823509192759 1089.4576848164475 3026.8033138021128 7819.2193222668457 1076.3598032555917 3032.1193042564064 7814.5182523034873 1063.5485925519818 3037.4296958419768 7808.5282538102883 1048.6517818415271 3043.8969278766481 7798.9189756937085 1039.9199812950653 3051.083800665644 7785.2084983409268 1030.001047060043 3060.80205969392 7773.2547981809312 1028.0528820951895 3067.8168484895741 7765.9867347874242 1026.9337981820343 3072.0649838531194 7759.3604922658433 1025.8146004629093 3075.9607331065481 7747.9145158386846 1026.1374355993896 3082.1709938302533 7737.5608864647384 1027.2818064071921 3087.5726368035102 7729.946029217228 1028.1847168452 3091.5289315657328 7714.4865197495201 1030.2768971455364 3099.4869290147781 7698.7371884554714 1032.4905083774072 3107.5720799380615 7692.112140356212 1035.0485428964234 3110.5696423949853 7687.4612355073841 1037.3427041314187 3112.5446092353 7680.5731750523018 1040.2483954403681 3115.6052458252448 7667.2230918086789 1046.2643664640268 3121.4714943851873 7655.6904945548149 1053.5618209762438 3126.0138138317079 7650.3644042690021 1057.193948677336 3128.0251253508786 7639.6879174763881 1064.6907747777075 3131.9556365213311 7628.4817997019636 1072.5108998907178 3136.1011046247449 7621.1011996546122 1077.6571145325299 3138.8285381188134 7602.5732242128906 1090.8460891220004 3146.4127104545528 7568.1957196561889 1114.6695714973964 3163.0813918494123
3 7555.9559706327136 1151.5604432411185 3170.0200899835932 7564.7038280235547 1124.3881448016853 3164.0257791331628 7568.1957196561889 1114.6695714973964 3163.0813918494123
15 6481.8749866750995 1371.9283824378706 3549.0246877360296 6472.7959188812292 1343.3965005828684 3555.3580134247586 6454.7365125907609 1306.6573418990549 3563.8691059515954 6443.7847092235306 1285.0485541720068 3569.1379025573369 6439.3485513034357 1276.6384050163288 3571.2604839462219 6427.5153855526487 1262.5929230691333 3575.0318231876872 6417.3019051850124 1250.5458003727549 3578.3093241267056 6397.9506428490431 1229.1859516831992 3584.2409799604097 6388.0231878226332 1218.2851671333847 3587.2745333937773 6371.9026042448568 1200.5785739204534 3592.1997641566632 6354.3429157812625 1181.4159785981831 3597.4914303401256 6335.3699075772729 1162.1083960545682 3602.1128798584441 6325.1969071267358 1154.5728968205178 3598.9551361429799 6319.9605134289686 1150.7093202312535 3597.1906981941061 6316.813653321241 1148.3842996278279 3596.1387287681914
2 6481.8749866750995 1371.9283824378706 3549.0246877360296 6450.8665603505033 1410.657219803003 3534.8412920997512
2 6525.7750387789574 1448.4913677587285 3722.9308288343695 6510.8691707938115 1454.7930413900551 3709.1250902161232
3 6525.7750387789574 1448.4913677587285 3722.9308288343695 6521.5808377177791 1451.6849578558815 3717.1975259225169 6510.8691707938115 1454.7930413900551 3709.1250902161232
5 6525.7750387789574 1448.4913677587285 3722.9308288343695 6523.0046968054212 1436.4967169826668 3736.6625084917132 6519.9420049481059 1417.7803157237213 3757.8843224843217 6503.720672447228 1402.1990480425259 3778.3814004538431 6491.9211639716723 1376.8791543819273 3795.5086338547171
6 6282.2546789641001 1446.6306006616621 3515.2695498415933 6255.5254436316491 1457.4510314687213 3515.2078011422986 6244.6551894927125 1464.0740322344452 3515.2248682610248 6226.7768473739761 1479.6025872360351 3516.3112621626119 6196.8765180097007 1486.2257756960496 3521.2868343149953 6188.3498368699629 1487.062909662468 3525.548054190213
3 6282.2546789641001 1446.6306006616621 3515.2695498415933 6308.0406619442047 1457.479766051197 3514.8323183458442 6317.8290020344066 1474.4616333024605 3514.4569536484487
2 6282.2546789641001 1446.6306006616621 3515.2695498415933 6284.4323754897914 1413.1293688932305 3516.0014234809519
10 7434.3732081473408 1391.7243290524834 3391.7166166257471 7439.6778945634378 1352.6900736173193 3402.2501325077051 7438.3228380510864 1342.2483371096937 3403.3570907875378 7437.9690462849512 1339.3897770345379 3403.6706207744028 7437.0617167977789 1334.6347541978137 3403.9892413067787 7433.1076684239379 1326.1213138436942 3403.0549114903592 7422.3183354785288 1307.1455632602972 3399.5952276828566 7419.725327506043 1303.422805422204 3398.3534327152147 7414.5499263420224 1296.9936261856803 3393.8917279334032 7382.2570751840503 1271.1183599808326 3380.1222464390949
2 7281.6012975669491 1296.394248879405 3074.9475482780604 7278.360758082873 1277.2542579523388 3097.7090477124671
5 6510.8691707938115 1454.7930413900551 3709.1250902161232 6501.4196195627919 1456.4292531782576 3703.8598366758747 6491.0896475632144 1457.4980436585108 3701.3590492295193 6474.6021941800291 1459.064251298377 3698.543864021427 6455.0553529115514 1460.8076752270456 3694.865288824778
16 7513.8352130867461 1146.4655859686682 3168.943658164842 7514.274641163609 1167.2795846996505 3198.8926194122059 7503.2120523415779 1180.2141635206003 3218.1947423650445 7488.4063098798842 1192.302909968472 3237.4491472273157 7479.674445125157 1199.2061210752586 3248.9719298661048 7471.8135334618837 1205.529387416495 3259.6398569656249 7456.3991034956725 1216.9959640511952 3280.2001536403959 7450.616056507316 1219.3394218642518 3288.5582105220883 7450.0946240982839 1219.5432670125324 3289.3284528046775 7445.1971247646243 1221.63363856808 3296.5421983480969 7440.9259399670946 1225.8249335334176 3303.3258988760617 7435.8324933840913 1230.9163292547446 3311.520445840139 7427.4496716730109 1239.3850826169448 3324.9901478706183 7415.9335214675448 1251.6500843268861 3344.0902013909531 7407.4474904276058 1255.835463393872 3352.3973369054347 7382.2570751840503 1271.1183599808326 3380.1222464390949
14 7513.8352130867461 1146.4655859686682 3168.943658164842 7463.0731676293581 1165.845341537088 3156.3350069158528 7447.8920047476277 1171.7495879927544 3152.8184550034389 7435.9975471037478 1176.5594148644925 3150.8427450965742 7411.6778607721071 1186.2931237922658 3146.6253957054546 7388.0476309001315 1195.193786102757 3141.1674906884659 7363.4643670918967 1206.7000117654518 3135.1021423718121 7344.1731285960132 1216.0389990649076 3130.0478261965941 7335.9724578018004 1220.4683770809941 3128.339647992645 7328.7934173826625 1224.4005532919762 3126.8570826434416 7319.7236037284883 1229.2626733531638 3125.2687296283157 7304.1917089621129 1237.5778623973017 3122.6009114234885 7295.4195340258466 1246.5964548292982 3118.9355217132729 7278.360758082873 1277.2542579523388 3097.7090477124671
2 7513.8352130867461 1146.4655859686682 3168.943658164842 7568.1957196561889 1114.6695714973964 3163.0813918494123
10 6455.0553529115514 1460.8076752270456 3694.865288824778 6449.4963827515649 1458.0780616990287 3675.8967641955919 6447.5206822438931 1456.9979692144623 3668.5816048250113 6444.2430975008756 1455.1399801963178 3656.2233959990799 6437.6253674310647 1451.3405054005646 3631.1502297181196 6432.4535168969005 1446.9260876973178 3605.9715178497108 6438.9714041398747 1439.2269938040176 3588.4096473239006 6448.6961937080659 1427.3384045157311 3572.2079049009603 6451.7997326733575 1423.1081453806735 3563.1493603706072 6450.8665603505033 1410.657219803003 3534.8412920997512
18 6722.3917384731758 1107.359679761551 3274.6076431402166 6733.0498024265253 1122.5443811093414 3281.288174560787 6741.5648718230123 1135.0740988586333 3286.5306569588734 6744.097352456567 1138.8218809831621 3288.0723637423412 6748.4716132653148 1145.2732184886693 3290.6217826839347 6755.1311138246092 1155.076656604057 3294.4679351953382 6786.1454839739845 1200.6046589643295 3312.0455495178926 6792.7433836224345 1210.6554405512968 3315.440653544787 6798.3865538935333 1218.968525867245 3318.4088588483587 6809.9023230440025 1236.0182521029633 3324.3916915184454 6816.827694162529 1245.9705060875797 3327.7760561778782 6826.0453339139331 1261.4869779740268 3330.9637626464869 6837.0520084936752 1282.8954810294576 3332.2205782507399 6849.5677329407717 1307.8014064991708 3333.3061365634785 6855.9137992575188 1328.3153694746441 3342.0416561844218 6861.7671366232053 1346.9370176118728 3350.5291328499648 6868.8850004859178 1362.6204982861805 3355.1572100293697 6890.5425278616958 1378.1092262929603 3345.6183062464052
20 7278.360758082873 1277.2542579523388 3097.7090477124671 7255.7550956828491 1280.2291803302419 3111.2149852306893 7241.6342348965782 1284.8661277172657 3116.6656777168732 7220.8616416140794 1293.2036578759596 3123.1294608450999 7210.4258281831726 1302.7848218745441 3127.3767309910995 7200.9107509174692 1311.8625023453501 3131.2691941771191 7190.511485678102 1320.9628514184772 3135.7551458739722 7174.4319385213312 1334.7721336450895 3144.0071608638095 7161.760789793203 1345.4825964813992 3154.9305781246248 7154.0116524059295 1351.9429348686151 3161.7465829722501 7144.101310667801 1360.4771193705071 3170.677757647522 7141.6610009551905 1361.6550487183401 3173.3094650310218 7123.0598099900126 1367.0113792131972 3193.5640092630288 7098.6457725950568 1373.6437857286173 3220.2657982513233 7078.122494825705 1368.4956134124616 3243.48056075882 7069.8652000780185 1366.4678584103274 3252.7213045917028 7061.846164310341 1364.6749707279193 3261.2707921959973 7050.9702479697471 1361.3481874202255 3275.1526066992687 7036.1234628943394 1353.5674454244991 3302.4652875218617 7023.2874154538622 1350.5025968112654 3318.5572887064754
21 7382.2570751840503 1271.1183599808326 3380.1222464390949 7361.2047600636852 1266.1238235354504 3383.6338244400931 7338.9262875757522 1260.8745162162802 3387.3641331607519 7328.3661836325164 1259.5888754328892 3390.4835618327452 7321.192750142257 1258.8255998540585 3392.6077497508086 7310.8422690815223 1257.7561702275837 3395.5029730024175 7286.09837025452 1255.0939066288227 3402.3016532078682 7275.6881871809283 1257.1719546417239 3402.4265734760293 7248.2749024338445 1264.2172115646131 3400.1281579806055 7225.2446148104982 1270.9765275877703 3398.3159316876918 7209.8631491886936 1276.1935001582915 3393.8476570534945 7187.7483833701272 1283.0181126256466 3387.1556946734886 7179.3764646913605 1285.63341140989 3384.5711885141081 7166.4393969284429 1289.675343461719 3380.5777860625476 7152.1284194184718 1294.1467575849338 3376.1613804050603 7137.1032696059774 1298.8386127476556 3371.5240337551286 7105.3292524186872 1308.7400156737099 3361.597351936543 7073.406010273794 1323.2317774394055 3344.1545108665136 7053.9349027845346 1332.891536930709 3334.1482613029275 7040.135845549722 1340.7176027726043 3327.3711263874529 7023.2874154538622 1350.5025968112654 3318.5572887064754
2 6306.6730335936254 1467.9681939515576 3514.144517797572 6317.8290020344066 1474.4616333024605 3514.4569536484487
5 6345.6834348308239 1504.2155350386365 3516.2990297956449 6336.2486474832403 1492.8189119640808 3514.6331811900027 6329.9165398013993 1486.6183818623504 3514.3931735716019 6325.3100750401127 1482.2038474699882 3514.4403442329326 6317.8290020344066 1474.4616333024605 3514.4569536484487
8 6890.5425278616958 1378.1092262929603 3345.6183062464052 6916.331963928882 1381.1649086862178 3331.075041695628 6931.6564159398094 1377.7119192156133 3328.8851811459249 6949.8747491790737 1370.8728499436336 3328.6884521929292 6969.4159471788826 1364.0216859203651 3328.832019965891 6984.4612177330964 1359.0322325150003 3328.5906549942042 7004.2863319293219 1352.7974166229376 3327.5494534935669 7023.2874154538622 1350.5025968112654 3318.5572887064754
7 6450.8665603505033 1410.657219803003 3534.8412920997512 6412.5427812500693 1407.9575770822676 3519.9828275113027 6385.6882271042077 1412.8826661980772 3515.5759890656655 6369.9694906991663 1414.9880517764766 3515.5763903757374 6355.7297848656735 1416.7944024961878 3515.5905110934527 6337.5850585699227 1418.4374945974882 3515.6310291790246 6284.4323754897914 1413.1293688932305 3516.0014234809519
9 6599.8730486898094 1269.7269747132234 3717.2500660012315 6610.2743514520034 1283.6283849346441 3734.4257775892602 6609.095798096776 1283.2311912741673 3741.483633690335 6604.1037804261759 1286.8342183539223 3757.8691836574098 6585.6904636952395 1303.0785486546915 3781.0848747807554 6568.8700880883634 1316.5394540187799 3787.4311945957061 6548.5241170595909 1334.5886043432527 3794.3386490741709 6509.839966206162 1356.0484396410527 3802.1332555605536 6491.9211639716723 1376.8791543819273 3795.5086338547171
