12 5737.829499280786 1412.9269712948142 3713.4707417398649 5746.9507599651415 1411.6271386490573 3706.5368064828158 5759.4398673549149 1409.776253446749 3696.9156160962048 5771.6754056323216 1407.2292142442157 3685.9768154124104 5782.6221938186927 1404.9796971343294 3676.6506243292411 5790.2351264196341 1403.0866673689654 3670.7704459163824 5804.4482244260162 1400.3233639076288 3665.945116202804 5827.4879749292058 1396.4836046033488 3664.2207182106235 5852.5179889174724 1392.6772141512847 3661.1694301639186 5869.4951340218167 1390.4669508204777 3663.3921921353908 5882.9595694499076 1388.8028967752118 3664.6906953616685 5907.5572877428922 1385.6320404381504 3660.4399068279072
4 6522.1821534316341 1444.7388303369555 3721.9229258722739 6526.8107374012106 1457.7884590728277 3702.5241014887943 6512.3305302932276 1452.9526852295621 3686.9937057082352 6504.252984348579 1442.722136433302 3695.306916602945
2 6522.1821534316341 1444.7388303369555 3721.9229258722739 6504.252984348579 1442.722136433302 3695.306916602945
6 6522.1821534316341 1444.7388303369555 3721.9229258722739 6526.5041455158971 1433.3476484952876 3747.0602041110278 6527.1395245653466 1427.1729025580426 3758.8477320409206 6518.6657651988653 1412.0811758880238 3775.5178021332631 6513.0454577046848 1397.5954142294449 3785.4560414413304 6519.6137726062743 1365.3512675165762 3799.6959458303945
7 6264.6934593415717 1452.4743293937056 3896.8231591756385 6278.9687493701249 1442.3522890845402 3903.5287257975233 6291.8115638084892 1433.5571124251596 3906.1264173397808 6305.0507800097485 1421.5311541684277 3903.8122144950817 6311.1070493776297 1416.9147964882297 3900.1648610265188 6320.3607079946087 1408.0904817105077 3894.8458622246339 6384.1680020611948 1364.2839657298525 3850.0185519278652
2 6426.7548354698056 1372.1236745103663 3830.7247483759552 6384.1680020611948 1364.2839657298525 3850.0185519278652
10 6426.7548354698056 1372.1236745103663 3830.7247483759552 6427.9048134764707 1398.4009573745266 3831.6353225028961 6427.774109206599 1427.4720358947309 3832.5843539679213 6433.3717163412975 1440.1974092994544 3818.2556150980286 6441.9783686253732 1456.8030796309076 3788.4952096141037 6449.5428303103672 1464.3550697769444 3760.9089487715851 6450.5687459890769 1459.4196646176331 3716.9383152018427 6450.8541167362646 1454.6849286737918 3701.2642094417743 6448.2239325233231 1448.0370022042875 3688.5213184138415 6447.6488237278454 1444.937654930083 3670.9920004707728
3 6426.7548354698056 1372.1236745103663 3830.7247483759552 6469.7952748758598 1375.2744165742124 3812.966207373393 6519.6137726062743 1365.3512675165762 3799.6959458303945
25 6384.1680020611948 1364.2839657298525 3850.0185519278652 6394.6334380575372 1329.183039138366 3836.4082188667685 6393.3543425449861 1318.0431506844538 3834.4156465334263 6392.3531814259049 1304.4220944881049 3831.4919509692381 6391.0615028470447 1287.0665173873908 3826.1525500328517 6389.3294398834232 1264.209978668099 3818.3962698094533 6388.0455636608585 1246.3736928240351 3812.1130700012213 6388.7789941441979 1237.3200129584986 3807.6787507940126 6397.859366616618 1220.5409832256876 3794.370353493216 6408.4551813506723 1209.2293146441764 3783.943240448717 6419.9483856532061 1203.2202613178586 3777.0362436357304 6430.3240527042362 1198.5905373859264 3771.3270388805422 6437.9650409390697 1195.6959663210603 3767.6222197303782 6454.7032562559252 1190.1003828294274 3759.9450402771586 6465.6936067203524 1188.1446012967301 3755.9096270423165 6473.9742298846641 1187.0249692850221 3752.9895855544446 6485.1479242763744 1185.6450977986165 3749.0883249668018 6495.7382330620849 1185.4394730787017 3745.7125312646626 6519.2277453074475 1187.9766933468911 3739.136482019459 6538.0309427124575 1190.1173704276146 3733.9055480643756 6571.1781246816263 1194.3615988930992 3724.8579940543182 6601.6217704943892 1203.3075437276784 3721.4344138369734 6606.6752118759487 1206.0219066057134 3720.9260158016364 6614.5561910939796 1221.4273741400809 3716.5852033681872 6636.4803396625666 1271.4986294494558 3700.2923648442875
7 6155.281026766208 1246.3026038222126 3588.7529916533467 6147.8300794987899 1251.7033364780896 3572.7213476113711 6141.8431140661578 1255.3595781245056 3561.2896502957415 6132.6438905591494 1261.9695128408182 3540.9613326158365 6123.8517282684779 1267.3210468742914 3528.344119616575 6120.4413995713276 1271.5522766691761 3522.0329860798183 6119.1536990580498 1281.2215755103121 3519.6363736260987
2 6755.6086433116179 1771.4556652609697 3552.5681806963717 6750.8621711571786 1761.7775207504844 3543.6565651582969
8 6642.7503616956701 1318.6504961342794 3643.1551926748939 6628.3026032583557 1321.2490890115084 3630.4705412234744 6611.0849739344467 1324.1900261064638 3617.7777488810716 6593.9991503139117 1327.2760814240723 3605.0653269700683 6573.3880072843576 1331.4670831946642 3589.8012335086778 6549.8765084143315 1334.9479384844362 3576.1150131432673 6533.7405286099283 1334.9680207976198 3569.2630559732879 6517.5388294630529 1333.1179018718688 3563.4902230872094
5 6642.7503616956701 1318.6504961342794 3643.1551926748939 6645.4032475236327 1304.0967819630976 3661.4121932233293 6644.2743012728361 1292.1187012411699 3673.8223113482395 6640.9754997415384 1275.6525821262085 3692.5926083662443 6636.4803396625666 1271.4986294494558 3700.2923648442875
23 6642.7503616956701 1318.6504961342794 3643.1551926748939 6658.5730229882547 1330.1916057399812 3644.1516517959058 6667.9544794219355 1339.7206754650274 3642.0114545619144 6674.5132455310977 1346.6250716476684 3640.2710731628408 6687.6334737966508 1360.814175266353 3636.9073007625475 6696.9218697505594 1372.6830311579313 3634.1874111790025 6706.107052339702 1385.4961816368286 3630.9682467939342 6713.1266267911051 1401.1986054331142 3626.6351557422809 6716.8286195480532 1411.3682405852687 3623.5459949234451 6719.7533483849729 1420.2299649493598 3620.7646196457827 6720.2069819197886 1421.7292213975172 3620.2830703164118 6724.6303510937596 1438.2772790564286 3614.921282024397 6725.7727030568158 1452.1504093994281 3607.860259108033 6726.8682187556651 1464.2897907334548 3601.7469038394665 6724.6534389808512 1474.6016250492946 3592.9630256165992 6723.4901188054719 1484.833409158017 3585.3292853327971 6722.2952528157257 1495.4722486501887 3577.4229716231107 6721.4308828737194 1506.9449205826288 3568.7795678755938 6720.7142895510215 1515.4908602043524 3562.1494027734152 6720.2869931893802 1521.1658561593447 3557.6296569206706 6719.5074990653738 1528.840616786629 3550.9749085038798 6717.642051657991 1535.4046697979998 3543.6957551027108 6721.926708434512 1547.2705275832777 3509.5123812056422
9 6074.8125663536321 1326.6684587229813 3539.3518675914338 6075.8569384347174 1314.8911597653344 3561.1500521156886 6076.093628109038 1314.5220430037327 3562.6938478148559 6078.2803712944633 1311.185630619831 3586.6937501962052 6089.4957626681953 1303.539893390554 3611.9449588042139 6097.5272060826628 1297.8599118170089 3625.5684343251328 6108.5272249532045 1290.6574595229172 3645.2246738288277 6119.4330526569156 1284.2202246141517 3661.0665180217447 6125.7403879140438 1281.1919890411054 3663.5927786548837
6 6074.8125663536321 1326.6684587229813 3539.3518675914338 6044.9849508391908 1341.9237487662988 3548.9020767764132 6029.4455094515415 1350.9901364869568 3555.7211206551347 6013.7031147649468 1360.146818479375 3562.8875270834974 5999.3936922857802 1367.7330112545915 3571.7805166168205 5968.5071484534328 1378.7083040048017 3594.1719599650155
4 6074.8125663536321 1326.6684587229813 3539.3518675914338 6103.7384068735746 1320.4219714177282 3525.528509699634 6114.4049931675736 1318.1968990256878 3520.1848468451576 6127.9955618335016 1317.3222553664118 3513.558383684931
19 6283.6002896050377 1138.3997634648024 3557.9003377214945 6288.9699335397772 1142.5065603631247 3561.0675907678424 6300.4119225245067 1150.9702275838281 3568.3071863361092 6316.2283463274207 1160.7387899813568 3578.3052472960094 6334.3775959537543 1171.7025375362532 3590.1047402374666 6345.6504515474926 1177.3215605693704 3594.9027206617707 6365.1447646552815 1187.3838809463903 3600.4291408851227 6381.3825967008925 1195.8006402200499 3604.8352679367349 6389.2619423840843 1199.875050924124 3607.0352517640922 6406.1528327750248 1208.877912017573 3609.9920761665567 6414.8330981745366 1215.6552049978634 3600.7579900052115 6422.0110904545463 1221.4662213654747 3593.6558329497379 6431.2279988198134 1232.3955116993261 3587.2388537577108 6438.1646628687158 1241.05469110169 3582.9889917575542 6447.5004848789422 1255.1948398902814 3576.7636893266804 6456.1482571848082 1273.1140945809213 3569.7207728157018 6468.0536101240232 1300.1133529536282 3559.5370499480159 6476.3176571632766 1313.5892980107494 3556.2432371243844 6517.5388294630529 1333.1179018718688 3563.4902230872094
10 6162.6669773894664 1465.6730560068183 3550.8198133047435 6168.6932267668972 1469.9750532469297 3544.1024715206845 6171.5902442142815 1472.1306168255048 3540.723134647706 6179.3347542863612 1476.1260938932849 3532.6017682151714 6191.510981944567 1481.47822694093 3521.2129760537864 6212.2040847421695 1484.8045721397546 3508.7369054088035 6224.8853367147867 1461.3934600867526 3502.9002587495061 6234.6890819203281 1449.7611506965811 3500.4438298769619 6247.6011976477284 1439.2601559306654 3498.6374604063244 6275.6337419725078 1422.7206436844742 3496.0397215015628
3 6782.9106456976078 1633.9311095867995 3265.1618999715288 6771.5679612469257 1627.7577428956756 3268.3889975640682 6750.5575266131118 1614.5924759306542 3278.6484124669437
14 7518.3573783233433 1167.8024347840822 3188.3289623481769 7503.573676687166 1190.1885997247716 3215.8733181985899 7491.7783906050754 1196.8543175990885 3231.8807149745107 7480.8500271804724 1204.490934440169 3247.6292540554318 7470.8169773904947 1210.9351211474195 3262.1399918640268 7464.9449344404256 1211.6369157792919 3269.1412421094001 7459.2796587009507 1212.3023318600235 3275.8329910938078 7445.9757329670147 1213.2931142369087 3289.6973427680314 7431.2200691435346 1218.3223147130577 3310.3044172998875 7418.5607253443468 1223.517439132977 3327.5038564792071 7410.8487335143809 1228.679529695301 3340.0051072465599 7404.7914728081023 1234.8046675022395 3351.3647616118906 7404.4569277414312 1235.3367715826794 3352.1362681386126 7390.2767942994624 1256.7691183466038 3381.4362155121789
28 7518.3573783233433 1167.8024347840822 3188.3289623481769 7541.8342741045481 1178.9834592989735 3181.0201061720181 7561.0923665033888 1195.0877142660279 3174.9517191965047 7576.3558383369373 1196.2278909602826 3164.4268972582413 7605.2257111348426 1197.8916765716381 3148.1412171258307 7617.1638596114099 1198.8860835760934 3141.7895997860069 7621.3327774593772 1199.2469830441087 3139.6200773580445 7643.8232080508478 1202.2679107171502 3128.3479870022857 7662.5954720091986 1203.4844188287238 3116.9921393242457 7674.3825039978665 1202.8810159150225 3108.5239260637572 7693.3420883327854 1201.0781453231389 3094.0444631923733 7706.4657441272793 1198.9919480297808 3083.1226352930621 7728.4692372221825 1194.1150610234047 3063.3835374046175 7743.7140034546464 1190.3918417087636 3050.6956041474791 7757.5784492092234 1185.4042089569882 3041.9879141424485 7768.9010954207797 1179.9817754577648 3035.7298133853064 7791.4266867765518 1168.870456724263 3024.2465295028323 7815.3661222717201 1155.9133076917876 3012.797428707353 7828.8626650722172 1147.5910376594445 3007.0231133687257 7849.8754564551518 1128.6398225864161 3000.3083762183701 7860.6005717481921 1080.548782472817 3004.1489052930765 7861.2495470260255 1068.9424921868699 3006.1140613225311 7858.1760161714383 1056.3125589432618 3010.2653526760751 7852.8928354952022 1048.7041119139462 3014.5377136642214 7837.1872869519493 1030.0397220536997 3026.3480562903142 7796.8978023427817 1003.4914420891733 3051.8070545592691 7781.9411812117542 994.87018280379493 3064.3085413844069 7763.1061195639168 983.4554980512205 3082.9007845112001
14 7518.3573783233433 1167.8024347840822 3188.3289623481769 7450.6715490481974 1178.4941663741504 3166.1934612602799 7427.5147819828962 1182.6103193209424 3154.1690412168655 7416.4094455415534 1184.6685669953233 3149.4304406490287 7391.6148192639866 1189.993951010842 3142.6856026770315 7382.4743860308545 1192.0812544282307 3140.5278302813545 7361.7074673369671 1200.2053912680258 3136.1662682309056 7341.7022384457532 1208.6825860296487 3131.8739871598104 7320.9426530287628 1220.0977065336044 3126.4643147346469 7307.1037457358552 1233.9822294471187 3120.228506085647 7301.8118582797788 1242.539958712217 3115.9275693391928 7299.1563032902495 1246.5506791452294 3114.0280649416295 7295.4032357082542 1258.3751056927977 3105.8676870013396 7290.8543454104201 1277.1222931755601 3092.2510217399577
18 7518.3573783233433 1167.8024347840822 3188.3289623481769 7549.9781350372759 1129.5350910508737 3171.6523387568818 7570.5024493761903 1103.434815703077 3159.9251275643619 7577.9843363738155 1092.7292518403178 3156.9435384330081 7584.32969691362 1083.6886231266249 3154.5554718673166 7591.1998268010329 1073.7924240842478 3152.073965127091 7599.2319409323536 1062.54792749943 3149.5568441208916 7604.7272042684026 1054.8613958900733 3147.8067460088478 7612.4312808518698 1044.1310932191514 3145.3526363394981 7618.7296798626548 1036.7024364959304 3143.240983498551 7630.1635407234371 1024.6915337720486 3139.2503410902959 7643.2236687364493 1016.2193600314615 3133.8752868923598 7656.4872971351151 1010.543521501666 3128.1656917794235 7679.2400719800935 1002.7181018778909 3118.6628345193608 7711.1913500613582 990.73885352400282 3107.7245060712585 7726.7332869285265 984.39413727583292 3103.0813110559839 7741.5094299354778 976.60560564231878 3099.9767027403136 7763.1061195639168 983.4554980512205 3082.9007845112001
10 6447.6488237278454 1444.937654930083 3670.9920004707728 6435.5443344536388 1445.6359561804877 3659.117885097387 6427.6470881952728 1448.3249998903016 3644.0575630605845 6422.6685889176397 1450.5487760162491 3632.6728638070199 6421.4984854288705 1451.714065336163 3610.4576380377848 6431.2633401919429 1449.2550135448889 3570.2649173874433 6436.829784425684 1447.6401854683743 3551.2384664774609 6447.5182614236228 1440.0310768856464 3540.791958422104 6453.7455304523946 1435.1058469851157 3534.9517042751113 6482.2878708999469 1424.4307925612598 3512.5976436518677
4 6447.6488237278454 1444.937654930083 3670.9920004707728 6469.6951856208807 1442.8284137446974 3676.3599682850336 6484.7079994297283 1441.7341096801395 3677.5668747151722 6504.252984348579 1442.722136433302 3695.306916602945
12 6682.5676418691492 1630.933466345572 3469.4915759989749 6688.471868110908 1648.8191218313816 3484.8749417188483 6691.4392206242046 1662.407373276538 3491.935627412764 6694.0519821292346 1674.139026238332 3497.8701314895816 6696.9964695377794 1685.1614457151154 3503.253780968309 6702.3366402417041 1700.5910129478616 3510.1767699419224 6706.2350898283576 1711.1131146404744 3514.8665096428349 6709.0738354366649 1719.1293984986803 3518.1948564506824 6713.7962760702603 1726.813098161502 3521.9068400039541 6725.2232496437682 1733.0956057752364 3527.0460568247995 6732.8491220516989 1739.4403039288061 3529.9491085516497 6750.8621711571786 1761.7775207504844 3543.6565651582969
14 6682.5676418691492 1630.933466345572 3469.4915759989749 6675.7694639234041 1642.1223739160432 3449.5523926496599 6672.8169779917143 1645.8440195829594 3438.8548645163105 6669.2885039620978 1650.2664658748374 3422.6665200248235 6666.6613077826914 1653.2742927810475 3408.7945049895511 6669.6324732656385 1654.098249793032 3378.6144524035931 6673.7764280318834 1652.0915784259582 3359.916077696198 6684.6243164669941 1645.5917827370722 3340.9541672470464 6688.0847231228927 1643.5368792984134 3335.305829675282 6694.939585940112 1639.9331958665837 3325.8724648547386 6701.1440190534695 1635.8704627458496 3316.6689331232778 6708.7561443710892 1631.6464716824557 3309.1918041538142 6723.8228836985336 1627.0266320318899 3298.7739518659237 6750.5575266131118 1614.5924759306542 3278.6484124669437
4 6682.5676418691492 1630.933466345572 3469.4915759989749 6686.0843561025158 1613.6336347696797 3479.9556868628024 6686.4594317209849 1604.3958895578635 3482.5573759012427 6679.4263881879369 1567.8611323204466 3484.3629171901657
16 6872.1603204849334 1346.4016181070187 3320.7376934054487 6860.7946792062403 1371.9772243133941 3309.7198533468973 6852.2108560937504 1395.5782300879237 3297.9042027269202 6846.2087501557417 1406.0573148411756 3293.4568626702512 6839.4465371615242 1418.811904797263 3288.2023346800629 6834.9845281702292 1429.7111471735875 3284.4798831781786 6827.0438295814574 1453.1107290250766 3277.4034154021406 6823.2173241549508 1463.5958491855274 3274.1806344637826 6819.9305385667431 1472.9575474612548 3271.4530360237386 6815.3925553192548 1490.1382135765114 3267.7755555068602 6810.271362164005 1509.1001072163019 3263.6854167539277 6799.8950044726107 1530.3410021601744 3259.3830131851159 6775.6115938951853 1562.0719082489375 3259.3255851295885 6763.3048358203969 1577.4638684479173 3262.7283368713024 6752.3354318388174 1593.5548994247358 3272.6381185072592 6750.5575266131118 1614.5924759306542 3278.6484124669437
5 6872.1603204849334 1346.4016181070187 3320.7376934054487 6925.7666267225804 1352.1036354112036 3316.4942646684003 6954.9663647040188 1350.1726926914675 3314.7886789354666 6982.9163247139122 1348.8010962577296 3313.0465084894608 7020.1459180215779 1352.4670564129017 3301.2850490550077
13 6872.1603204849334 1346.4016181070187 3320.7376934054487 6843.5384976875039 1327.9557665041407 3318.4897870282298 6821.3722262753117 1309.5147486410053 3308.8427550631386 6815.3108829564544 1304.3612883090293 3306.5009785657721 6799.5580468792168 1288.8844758666942 3302.8109860871332 6775.723365297692 1262.8247339726411 3297.6154211997882 6761.6176851879391 1242.0753292071113 3294.7874125620847 6746.6239776937409 1207.7024152795366 3291.3844614108734 6739.5496480534284 1190.8758504280609 3289.7430002301589 6732.7746602803645 1173.2540846989259 3287.7100223234861 6726.7919888613815 1156.4406079931828 3285.4714688922422 6724.5286619450244 1134.5200965262452 3280.6760071017197 6724.2857045651881 1123.6349108678198 3277.8166526963132
18 6872.1603204849334 1346.4016181070187 3320.7376934054487 6874.1955713273592 1338.5459841535869 3348.392794920152 6878.9884992183988 1332.7888046945091 3369.1705363284927 6881.7692522710568 1328.9873294764382 3390.9641224442971 6877.4569644445055 1334.7643286087255 3400.9587224614488 6868.5106162600869 1340.8987586439066 3408.6692422687079 6860.6425968662279 1348.0911741198499 3415.7065101699732 6848.3880835109885 1362.6417359084028 3426.1492120152666 6835.9615252928679 1386.0027946755486 3435.0079003468386 6823.0486602500341 1410.513014577778 3444.2427127180918 6808.5198553047376 1438.1079867490196 3454.6364800382912 6796.6314835620151 1460.7566788348279 3462.7217530768958 6787.6855143214925 1475.8179686584895 3466.5161619607716 6776.421468255774 1488.165235620233 3470.9675052639282 6765.8496773153565 1498.0443677040216 3474.4894804350029 6751.0831528144536 1512.037787634107 3479.8701070904804 6738.5349716765031 1527.1223400450465 3487.9660684605769 6721.926708434512 1547.2705275832777 3509.5123812056422
4 7408.3895606698852 1405.9985184185082 3376.6833281454301 7415.2292958418793 1402.3310017872877 3379.507684598786 7431.2357328543176 1389.7619608711523 3390.2771701365073 7454.5829687759806 1374.5205358417386 3406.7183955208407
3 7298.884435364379 1313.0443378213856 3071.3918875241452 7285.2291127973313 1300.5161945941113 3073.163621607408 7290.8543454104201 1277.1222931755601 3092.2510217399577
13 6636.4803396625666 1271.4986294494558 3700.2923648442875 6620.3147991123587 1267.3685267317755 3733.7396690987393 6616.1341224028611 1269.4526932098233 3743.9653291960972 6612.7603753528074 1271.902336083042 3750.4375952855612 6607.721303645947 1276.4299674976105 3759.1120016392692 6600.5845458476952 1284.471944525153 3765.6097014263737 6594.3011142775085 1291.6617703567676 3770.2246938771573 6580.9163056407315 1308.5825386362601 3779.639903257957 6572.4159908359288 1320.4889593286871 3785.0528712121195 6568.9019371659106 1325.0380631456671 3787.3056082381581 6559.7078976398298 1337.3145574102421 3792.9177722237823 6544.8446357918274 1350.6982577181068 3796.2294598355847 6519.6137726062743 1365.3512675165762 3799.6959458303945
2 6452.0725182116939 1402.2440514582177 3507.6759411571734 6482.2878708999469 1424.4307925612598 3512.5976436518677
7 6452.0725182116939 1402.2440514582177 3507.6759411571734 6420.7258068983228 1393.4855635188146 3496.1105516094481 6401.986598898573 1392.8450551280787 3492.1301798136228 6385.0305392152895 1390.9468255982233 3488.4604779022329 6364.996530568581 1404.8478652844167 3491.2471028996233 6340.7686517648435 1418.6210756118562 3494.6855582659177 6309.6857253156304 1439.2110983594207 3500.2140331895575
5 6452.0725182116939 1402.2440514582177 3507.6759411571734 6457.7148232077088 1390.8162320540182 3514.1086305874783 6473.8666734581002 1358.3331097043749 3532.8736121746265 6489.8627612507307 1347.1848958498983 3545.0518144343387 6517.5388294630529 1333.1179018718688 3563.4902230872094
3 6665.6518250401223 1505.4396943085221 3447.3687268490576 6664.9347593030416 1510.8463977097028 3453.4208161178235 6659.3653535694766 1527.9405562380596 3473.9706169914921
26 5781.6244010281962 1034.6349932262704 3434.2414208478899 5807.4032819965087 1050.2691515680619 3440.2864583754595 5824.330538897153 1059.8066355818085 3444.0474299739426 5831.6766884540921 1066.1766200240652 3446.5952710889528 5848.020833045246 1082.6149284775142 3456.0231657489262 5867.8346547073807 1102.9568188065734 3470.0655548994773 5877.9110051839743 1113.917021684731 3481.2247745066629 5886.4698944288348 1124.1120532657096 3496.0210217672934 5888.3682945285364 1126.2731999687983 3499.0045365306446 5904.6566078702363 1138.3532877428465 3508.8577140789371 5908.4208117783928 1141.2340393973388 3511.2489507314681 5921.6076346408681 1149.142110467661 3513.9591300072107 5933.2215839270721 1156.7376120436022 3516.9554676450975 5953.1160206370869 1168.6681172636643 3518.5459881158727 5980.9570867607545 1185.5634977453119 3521.1085819139153 5994.1597797314216 1192.8892318643875 3520.6807087565153 6002.8772774394029 1197.9958680425864 3520.4720322083626 6015.2216706091895 1204.8792812491754 3518.1067336868709 6033.9076593339651 1215.6927108950581 3513.4538297483414 6050.3224696905099 1226.7568926941917 3510.2160053310072 6061.5596116635543 1237.0669765273383 3509.8636490586809 6066.7182819451173 1241.7389591611839 3509.9203871178083 6086.4682586715799 1261.9413176719954 3509.3954459167271 6096.1982885597445 1270.0302954693393 3511.8296404874918 6100.1687160809033 1273.1567447462394 3513.1497322390924 6119.1536990580498 1281.2215755103121 3519.6363736260987
10 5938.8967976890308 1494.593156908013 3603.1522135008768 5941.4887117213784 1493.7438480244336 3602.820656212727 5956.7581267892692 1478.2911610020542 3590.3471454621663 5968.2940260602991 1467.4724439722772 3580.6055235392519 5979.9612011244753 1439.9219244989868 3566.9180413241984 5982.8848746376143 1429.8884180293317 3563.7398956062516 5982.5379429030427 1421.0637242577536 3565.7985090692582 5982.2894103968065 1407.7071743098402 3569.8557657127985 5982.1535304986728 1401.4189746342711 3572.5309577178327 5968.5071484534328 1378.7083040048017 3594.1719599650155
7 7820.2083584787615 935.67716453550452 3113.5927915821885 7796.1902824224862 931.77307516213398 3114.6452487673419 7779.4690358414809 929.60587062369711 3114.5808239646544 7772.9814677952199 937.89867342537445 3110.0121645810345 7770.2586065535907 942.39883168498329 3108.2936118966445 7763.4606850357059 953.75902444447331 3103.9507061793847 7763.1061195639168 983.4554980512205 3082.9007845112001
3 7211.1603616022403 1341.6923773610754 3351.2246725253403 7198.4667658238495 1326.2822525457875 3362.2908286527954 7164.2074738870424 1296.7345743812118 3388.4014935158134
8 7454.5829687759806 1374.5205358417386 3406.7183955208407 7448.7468878296422 1356.5076771390814 3404.8641611798907 7447.9235990582329 1342.4289665504014 3406.0156107088478 7442.0721145668531 1326.3299642844029 3404.0383755347771 7434.6554135040287 1313.3924649414091 3400.8107726237845 7424.689532536715 1298.7444277537716 3396.6093064916972 7409.5237641434651 1281.4585346160716 3391.6257697681576 7390.2767942994624 1256.7691183466038 3381.4362155121789
3 7454.5829687759806 1374.5205358417386 3406.7183955208407 7473.6404144921162 1374.0491643811533 3419.5556306607359 7483.098243716755 1379.1558195651924 3425.3397615613871
10 6275.6337419725078 1422.7206436844742 3496.0397215015628 6250.9781194518728 1405.1602478954042 3492.8340492757429 6231.5893940557517 1390.3339575935331 3490.2338270880227 6218.9102500309318 1378.2181811064847 3489.5574710734722 6208.8469538582067 1368.1620701471127 3489.1021507961054 6200.8178138961484 1358.5654890748956 3488.4634492304153 6185.7071977601754 1346.4551545665647 3490.7155264139401 6169.2480362501146 1337.3815277054559 3496.1621812200415 6151.7987532720335 1328.4967266507058 3502.8996150434805 6127.9955618335016 1317.3222553664118 3513.558383684931
2 6275.6337419725078 1422.7206436844742 3496.0397215015628 6309.6857253156304 1439.2110983594207 3500.2140331895575
5 5922.7813521851313 1389.4660901095297 3708.7087830491405 5921.3598505587852 1389.0406483395705 3704.5828723095701 5918.4923200830744 1388.250302652981 3695.6513598910892 5915.0866983303986 1386.6816995053255 3678.1113178352798 5907.5572877428922 1385.6320404381504 3660.4399068279072
8 6370.9337097901498 1533.8869185238852 3536.6896893741637 6364.3777743987566 1521.4246122084689 3529.3141217978718 6356.2760128762256 1509.5307330682178 3522.4471695714224 6348.3594362781405 1497.2027868970692 3516.06845134379 6343.2187848842768 1481.0602163283027 3511.2324461800654 6341.0808120649845 1473.3563613547428 3509.1392485022998 6337.3669960940178 1464.3980556211675 3506.7696769816903 6309.6857253156304 1439.2110983594207 3500.2140331895575
11 6482.2878708999469 1424.4307925612598 3512.5976436518677 6507.45018074363 1436.7879454633328 3504.8597360510498 6520.2168058071165 1443.9649518367028 3501.856057995773 6542.8657623786894 1458.0846772054288 3501.5009560409517 6565.8554859628448 1474.5112560334464 3501.7722740190302 6593.5872374230375 1493.4145623593488 3496.7879516175103 6610.0429041749694 1503.632974749506 3494.3106124511805 6630.6718863660408 1515.5984919428272 3489.6407729822795 6638.2351661509829 1516.8989625631025 3487.2550691087313 6642.865151763438 1518.4217731650597 3485.7698291252805 6659.3653535694766 1527.9405562380596 3473.9706169914921
5 6814.0133006633432 1797.2513690558546 3539.0795101334966 6809.5942707829818 1793.9501044802485 3539.7307599516917 6785.8165063896304 1775.8978967490586 3541.2041980501767 6766.5034797066446 1763.3050595158202 3538.9913221815846 6750.8621711571786 1761.7775207504844 3543.6565651582969
3 6659.3653535694766 1527.9405562380596 3473.9706169914921 6666.5848839273167 1543.5478965247278 3477.7304305929524 6679.4263881879369 1567.8611323204466 3484.3629171901657
2 6127.9955618335016 1317.3222553664118 3513.558383684931 6119.1536990580498 1281.2215755103121 3519.6363736260987
14 7390.2767942994624 1256.7691183466038 3381.4362155121789 7372.3191900821339 1254.185379011599 3390.9299441443641 7347.4927241821688 1242.9663154759724 3396.8919129722485 7341.123171199557 1241.3888412502295 3399.0491002214681 7314.9900386215431 1242.3165164531904 3407.9798506894053 7302.3797498745007 1243.2028964564279 3411.5586292463017 7291.2579235220519 1244.5175458813437 3413.737051307281 7283.1854566601423 1245.5857298398796 3415.0727776668232 7269.772369741052 1249.4974278574459 3414.5658834686556 7248.3309357217368 1256.7308112278358 3412.4597425625357 7224.514667395124 1265.8945513343572 3408.670283241428 7212.3756516014355 1272.3267054547573 3404.5529118582967 7194.1938150424439 1281.4436029920575 3398.5786678019394 7164.2074738870424 1296.7345743812118 3388.4014935158134
8 7020.1459180215779 1352.4670564129017 3301.2850490550077 7024.7525170142444 1341.7024149342105 3321.5210710904589 7031.2598074529978 1334.0548846260172 3334.0329009433876 7037.3546828766976 1327.9809761184433 3346.2706050178808 7068.8156985259511 1315.0459946759604 3374.9972434952538 7098.4449394333415 1306.2254775046674 3384.2803398257206 7114.3267297479615 1302.1677443902176 3386.9676736511983 7144.3098385874337 1296.8803376162432 3389.735930669231
25 7020.1459180215779 1352.4670564129017 3301.2850490550077 7030.5463432819543 1356.4467481748547 3292.0426487258592 7040.3126197207266 1361.1359361404454 3280.7733194187435 7046.4205817204593 1365.8849929017015 3269.8359118664507 7058.8014580568606 1368.3027606991766 3257.6967070007659 7067.6932133511818 1370.186954831704 3248.6666752988949 7077.4985444192835 1372.4489779816579 3238.0873714190084 7088.152027555625 1375.2101057765535 3226.403810066703 7097.4552179390448 1375.3730215308863 3216.6486861120234 7109.226417555441 1374.6249560169483 3203.595004746307 7113.2635676434938 1374.2346964444794 3199.1618740291319 7123.6751272836691 1372.094529862673 3187.9368847455239 7135.0542831137127 1368.6957676649895 3175.8266644959235 7149.1347918420997 1360.959820269288 3161.7311590392906 7158.0048461563892 1354.5634261703074 3154.4550170917264 7161.728387946875 1351.5030692312107 3151.7568815333261 7166.026708460231 1347.6453585943498 3148.8726565150287 7176.0348114967101 1337.6994033860024 3142.1244926509557 7185.7393781168093 1323.7546700375517 3134.2435110302972 7187.7460305481627 1320.7221324600023 3132.5747672711032 7193.301509558004 1314.7711694156999 3129.2225931894704 7199.8934414588193 1306.9836848584446 3126.3840442524088 7225.7019938174217 1290.2528097718466 3119.7603698320349 7245.952565767584 1285.7954436434445 3111.6032384089776 7290.8543454104201 1277.1222931755601 3092.2510217399577
2 7141.5183903403104 1296.8544863063951 3389.9233700195141 7144.3098385874337 1296.8803376162432 3389.735930669231
5 5907.5572877428922 1385.6320404381504 3660.4399068279072 5929.2316348283302 1381.0915439433979 3637.9442441524925 5944.021048534828 1378.7750324826388 3619.8607287852501 5955.1022707024495 1377.8214011188795 3607.9836989507653 5968.5071484534328 1378.7083040048017 3594.1719599650155
2 7144.3098385874337 1296.8803376162432 3389.735930669231 7164.2074738870424 1296.7345743812118 3388.4014935158134
3 6721.926708434512 1547.2705275832777 3509.5123812056422 6707.5304306480248 1565.6625000935003 3506.9083815112531 6679.4263881879369 1567.8611323204466 3484.3629171901657
