10 5895.0708013152353 1388.4353540138006 3673.6731235617426 5867.4645568948117 1391.748429677491 3668.3875642633261 5854.3609506427438 1393.508873375946 3666.888976006217 5837.9525317881998 1395.9101792924141 3665.4249471864059 5809.557384871563 1400.4403610317734 3665.1670974814315 5791.4495363699871 1403.8581446587668 3670.9005698177111 5780.22373215682 1405.7371680563508 3673.6464120644227 5762.7362057258169 1408.820858782612 3689.0140467888864 5751.8142086621756 1410.7251978578111 3698.6448780756718 5745.2282466073748 1411.8253106494183 3704.4160263510221
3 5895.0708013152353 1388.4353540138006 3673.6731235617426 5908.1783337848346 1389.4683639757968 3694.6984244185473 5907.877739286565 1390.54395445458 3701.8701838896131
7 5895.0708013152353 1388.4353540138006 3673.6731235617426 5913.8141070335623 1383.9810546153435 3658.8155179150731 5919.7350559499964 1382.6263093541129 3648.8569399273179 5935.7070843255342 1380.0102339710429 3625.3101491317648 5943.9860544283665 1379.4755805476157 3614.7677048201272 5948.6091964518537 1380.487357558246 3609.1295459793073 5972.6470426298438 1382.8593497468321 3587.4308449236323
9 6496.1609657985682 1378.7113046001102 3803.7019338152413 6508.7682554814455 1390.3063172006587 3787.0231222049601 6509.9688652290915 1395.7635495385348 3781.5740439882438 6511.7967666805807 1402.4835211056113 3774.435535861126 6513.8656625370759 1409.4280242881962 3765.3228606361204 6514.7446206454215 1412.6758686754731 3760.9191132746214 6515.9612773506578 1417.7927382348378 3753.9617146314304 6518.0863781080816 1428.1520904370466 3739.9345445634376 6515.7303494023936 1443.161021041258 3712.2357483360279
10 6496.1609657985682 1378.7113046001102 3803.7019338152413 6536.3374875238387 1353.4988466767929 3805.4745932444202 6546.6068266986849 1345.6429900201763 3803.4024423947644 6562.9046336529464 1334.7297168104701 3793.6425423342621 6586.8445477231871 1307.7252783183808 3777.5932245269469 6602.4179202513533 1289.7108933051202 3767.0068604893154 6617.0388726239244 1273.1569461343593 3756.8445053737851 6620.8684724981595 1270.1063205234552 3751.2571603290262 6625.9736914389159 1261.7718516477823 3735.4160071018659 6618.3853984224515 1235.811545491616 3712.5283151248786
7 6496.1609657985682 1378.7113046001102 3803.7019338152413 6474.497270197483 1382.0293486322066 3811.6445475572787 6459.3275124130596 1382.463260809395 3819.7964915513926 6448.9552987814295 1383.3055993835444 3825.0253447968375 6436.0927065142942 1384.3831282574988 3831.50194354322 6420.2576448390146 1384.4553718939715 3839.2218322571343 6405.4175586010806 1412.3618168224768 3844.9377721659062
9 6265.0359369799444 1451.9551827575717 3896.6500217227085 6272.9025542935815 1446.5365118723805 3897.9958019079058 6283.2682015452419 1439.7691122019487 3899.4090927186771 6297.6532498461993 1420.2489838155748 3906.4165777996272 6329.773501817509 1407.7739284727634 3885.4187082838985 6339.7758169325916 1403.3254901212747 3879.9270946894603 6348.3871533492193 1399.7453431061681 3875.4053704822113 6353.6844629598609 1396.5460391079359 3872.483085065976 6380.3833387661771 1392.9962502217757 3857.7232370499246
8 6751.6592834213789 1787.2391957127304 3557.855669704144 6747.7966488941493 1776.8253226069694 3553.1998005934056 6735.2607165208365 1758.3312299777162 3542.2824848599571 6713.6135247694174 1725.3331586894706 3520.5017227058347 6709.7958362754061 1712.311394303686 3514.603086683152 6706.8341306717066 1701.8085874709075 3509.5329264828283 6700.2539727922594 1678.5412040593849 3496.924913592316 6693.6908218647732 1657.5519805465003 3476.8638855005911
8 5972.6470426298438 1382.8593497468321 3587.4308449236323 5975.3936103781743 1410.8296241393416 3580.2776282929431 5976.1200279955001 1422.7548624919255 3577.9543512658884 5975.6854528784734 1431.6141175943894 3577.5756403311079 5973.9346161972335 1450.0302977986 3578.8678826279929 5971.2432950909251 1468.7226716177061 3582.7965967875812 5962.7834388127285 1483.6664477830666 3593.4898892827905 5947.3921857122068 1506.2225947671832 3611.9323271800586
8 5972.6470426298438 1382.8593497468321 3587.4308449236323 5995.6756606194831 1373.7819602842028 3570.395407074283 6008.4448365689759 1365.0861709959859 3564.8664674271668 6019.7117396133808 1358.9617130133531 3562.1414026050056 6037.8539318972216 1348.8562660823859 3558.8870243174038 6054.190481786176 1339.3859454826761 3554.798099461927 6068.3940055095009 1328.3481710354495 3563.0152047099687 6081.331134573672 1315.6425287244394 3557.5219439912912
8 6263.9627703126289 1423.4864345049275 3500.8612263110695 6233.616176449902 1456.9543480111504 3510.2763465817502 6221.4594130303349 1466.0218584355102 3513.4663048903067 6213.3800072595131 1474.8181183522784 3517.507117372953 6198.672103275112 1480.8229072161892 3522.7381294129191 6190.2008926282942 1478.8451934072868 3527.6098319149896 6186.8744473646202 1477.6143841711669 3529.8878763021212 6178.0688084461117 1473.8232643007152 3536.3711720560764
12 6263.9627703126289 1423.4864345049275 3500.8612263110695 6246.0388515862787 1397.9157692794447 3494.4159473776353 6238.4084871348878 1389.7301773925799 3492.5410837488089 6217.7221267566465 1372.6414780170933 3490.7361304295187 6205.0511552129128 1362.0489162385522 3489.7908175170487 6185.6493816217335 1350.7375822188083 3494.4195270538062 6176.6675982493598 1345.595926906645 3496.6333551824032 6161.260433162025 1336.7659863754432 3500.4731058539919 6144.0121638939117 1326.4020810102215 3504.6885354335736 6138.0505260317732 1321.3604429828993 3505.8307644364713 6132.5736665128034 1316.280074188852 3506.8621918517019 6114.8050203598314 1299.5049140665476 3509.8982950763689
2 6263.9627703126289 1423.4864345049275 3500.8612263110695 6308.9261810403741 1433.9843956153034 3502.5494272898168
5 6830.2870592363824 1661.6016927960004 3287.9295006722923 6827.6730187900175 1660.830270675257 3287.9563216180504 6783.6173648390459 1644.3015083080636 3283.2887855394511 6773.4002069415756 1642.3412377947843 3288.0685965266589 6741.9614247695008 1627.2518708082521 3296.4554518074983
19 6698.7657576839674 1562.0669038801198 3497.6987139320272 6720.7725318825333 1542.0151785384023 3498.9296126425393 6731.0672976484302 1538.0154569136282 3494.8844847017608 6746.4367426237523 1527.6512676151767 3489.4664742822397 6756.1700216935851 1517.4875644273384 3484.6301704822772 6773.1837423113466 1498.5568506152672 3474.8605244361288 6786.4300839482476 1478.7511615484345 3467.2085877144418 6796.8750593942741 1461.9115839144554 3462.7909830035201 6810.1607855044631 1437.3029944325754 3454.9905749422155 6841.6840171521881 1378.5381923728255 3432.552933928213 6854.6295584901936 1354.8170214473391 3422.2821853068003 6865.2301855222213 1341.8790340361766 3411.1214649635021 6874.3228376025363 1330.833868714104 3399.5179534008566 6878.3359320902837 1325.53467860414 3387.2425255703993 6873.927375488196 1330.08724242573 3365.9450647977992 6873.4981447010059 1331.1982359943856 3361.3408796955064 6874.003496830991 1334.6877588293069 3350.1628560488889 6874.7487205390753 1337.3321741865955 3338.5691359676689 6880.8625252685033 1342.0772651465959 3320.2858883985414
4 6698.7657576839674 1562.0669038801198 3497.6987139320272 6685.446587335302 1587.1891097246553 3490.0408634977834 6686.519053753751 1602.6777906820676 3485.8837407710389 6693.6908218647732 1657.5519805465003 3476.8638855005911
2 6698.7657576839674 1562.0669038801198 3497.6987139320272 6698.9876542635284 1541.8259507940913 3514.9642536814658
4 6665.2937908867707 1506.4129870042987 3448.7321501918618 6661.8009823512257 1514.8408486182716 3460.3385220574114 6660.0449461308599 1522.809045179823 3469.5599814503844 6655.0822948156729 1528.7499005218876 3492.7104959514991
15 6817.7218712624008 1356.2381703677402 3294.313752089211 6803.7987580580793 1315.6041434676772 3294.50370513593 6793.2230566770304 1297.3704088219158 3292.3180073901408 6781.5699641808724 1274.7666721470118 3290.9825250446506 6764.0968352771915 1241.3918540332145 3289.058329966334 6751.9453764332548 1206.3994241333046 3289.696535747747 6744.9469469252881 1180.2317196524004 3288.027209840689 6742.0776530296807 1169.325700808371 3287.2486149530646 6739.3616349920048 1159.3116275132256 3285.066331134653 6737.4104425679361 1152.1232469150943 3283.4284301711327 6735.0095023227595 1142.6190387987087 3281.1962481726623 6732.8994233539515 1133.7041739070839 3279.0409038763542 6730.6396273008449 1123.8617754146633 3276.6322191093136 6728.4819527765967 1111.807255381058 3273.4354681910777 6730.3522053009783 1098.7286023957481 3268.2194650860297
12 6817.7218712624008 1356.2381703677402 3294.313752089211 6801.9970723365013 1391.8745695186599 3281.6975045377985 6793.1768678502658 1404.90933413328 3275.3828717666051 6784.5735650791112 1421.7481742499988 3268.8886178923703 6770.8532798859324 1470.946386984223 3258.5726850058313 6765.7260263618628 1501.3519996266277 3253.2200513718876 6762.0117738029849 1524.2100922519107 3249.3058733051403 6748.1524419322732 1552.2630756007522 3261.316493109236 6740.5301069618745 1566.7750041528484 3268.2330620604043 6730.8015897246751 1587.2750588422393 3279.3069344010005 6738.0435548839523 1601.1381664248797 3285.1188258632847 6741.9614247695008 1627.2518708082521 3296.4554518074983
3 6817.7218712624008 1356.2381703677402 3294.313752089211 6852.0788670694128 1344.3332166447165 3310.1976872301989 6880.8625252685033 1342.0772651465959 3320.2858883985414
9 6367.9855805128145 1543.173669994454 3549.7855024971018 6360.8660824439339 1529.8325421751199 3539.526243227107 6350.8276032204985 1511.2372805159398 3529.9716373881829 6345.8610155591368 1502.2753955812288 3525.8690507960637 6336.495540897271 1490.8620003109691 3521.6981750976038 6329.3823143604804 1482.3944003803495 3518.7017085521452 6320.6909352957873 1473.512154654861 3515.8382831814015 6315.9383964587059 1466.2182654280523 3513.4698297586933 6308.9261810403741 1433.9843956153034 3502.5494272898168
4 7409.3606171169267 1406.8375183430135 3377.317879029265 7415.5360834623134 1402.4095840634036 3379.4791080153168 7425.3717226367598 1393.9795030889322 3385.0837836762976 7439.2942652413258 1362.5371351200467 3397.8509974709846
25 5781.8453516130639 1034.6170036217593 3434.4094287649464 5808.1063136608227 1050.5081049181422 3440.5288762618793 5824.4245347533124 1059.8012369297203 3444.1132999962301 5831.6004862111558 1066.0014091043613 3446.5916591261935 5842.2308870348834 1076.9524601354794 3454.9611679985292 5850.6138648915994 1085.8157017073331 3462.175939199084 5862.812738048342 1098.735043283669 3473.1088184519272 5873.7768518412904 1110.4058050709052 3483.4813384725453 5885.1974238018593 1122.7527620094313 3495.1553079919649 5887.9690645314204 1126.0647203824808 3499.2752279196379 5907.0826768564011 1139.0815570751092 3507.0100521654563 5922.9033081444013 1149.2493722313518 3511.8047759725109 5933.5143591402821 1158.2435849770336 3518.4502357847837 5961.1717212674594 1175.5971474511009 3522.0708181524756 5971.9097403396499 1182.5058408782033 3523.7482261097821 5985.6876763288519 1190.4915470975377 3523.9853754392598 6009.1302413625817 1203.2478172714727 3522.795387131619 6017.1423541264103 1207.6580930962384 3521.0299337400984 6027.5279425727467 1214.4104695503199 3518.6099963693832 6060.003515449207 1234.6646308683935 3508.831968300005 6076.5240778938205 1251.5866433252263 3507.201957246064 6081.2151038533648 1257.7803143790513 3507.5682390906409 6091.4371543663519 1271.9981795165891 3507.5750923348737 6095.3140821462921 1276.8057303690309 3508.1638909399758 6114.8050203598314 1299.5049140665476 3509.8982950763689
3 7295.5567256821223 1310.4331162199396 3072.3035596674194 7279.4311976718782 1288.091781576969 3086.7211787378224 7273.694773481282 1264.1383183893852 3114.0018705195862
31 7527.7622483340128 1170.687513003923 3191.366379284811 7538.1345897931224 1192.9710081497508 3188.3739294308884 7555.6181675972575 1195.4559514033112 3176.8144628620871 7576.1443762356803 1198.3660868518434 3163.8996628698765 7596.1397471541113 1198.0522836928001 3152.6515938056314 7612.5353811391669 1197.5527786549656 3143.3314157646296 7637.785017933892 1197.4403883464147 3129.2458409704532 7653.3665784706245 1198.3773735895575 3120.1359644380245 7667.23863392766 1197.7593119954668 3111.1254939990695 7678.9566522042378 1196.3492613119431 3103.2448584994968 7702.1787434365424 1192.7530298902961 3087.4283017564262 7709.6617225005712 1191.3351306641291 3082.3299269909162 7735.1450128996639 1184.3600511146021 3065.2332505795143 7749.7492470283305 1180.1839243864808 3055.4662937324629 7756.9782615292061 1177.9966025527044 3050.6864937969212 7766.2215928483756 1175.1498080965837 3044.6086979365468 7782.6899434249544 1169.7303805048291 3034.1403769206322 7795.4145236881714 1162.9282943397516 3027.8906427946813 7804.4040215230707 1157.7558376792592 3023.6750611712591 7813.5558908708654 1152.5155671099419 3019.372262647465 7832.9897526821906 1141.282667282589 3010.3023752509289 7839.9835294304612 1126.9316000329129 3008.97974291323 7841.4853837232467 1117.6871518350065 3009.7771601284339 7844.3183516398431 1071.8994200399286 3016.1328806077231 7841.36360629107 1047.4817783461679 3021.7976429439536 7833.5745096329101 1034.2261476320618 3028.0150330845267 7821.4172292366256 1020.3833197194757 3036.5106917000548 7807.8903966984235 1010.7788392271694 3044.902360046076 7792.7056621509782 1001.2311075405717 3054.2474450015006 7773.3010600057023 994.27892645691577 3068.9131735650167 7748.8468329107218 988.75151705006181 3085.9442253299435
13 7527.7622483340128 1170.687513003923 3191.366379284811 7546.1386588763353 1149.5851066600353 3182.5531941349423 7558.5538425055875 1132.5976703306699 3176.1793226372088 7565.9651364308766 1122.4416804734919 3172.3118981834414 7581.390780733961 1100.745887219118 3163.7477729264274 7601.0464013984365 1073.032834264626 3152.7866166548824 7618.1843556975109 1049.0885710162834 3143.3427479219868 7630.8180528965004 1034.4335140518679 3138.5138715132471 7649.0616388363087 1017.3115645406548 3131.9808994187033 7670.463488130541 999.29119017614414 3124.335588522561 7697.9012867606843 993.97740624409926 3111.0703223646483 7721.6307768066072 991.33875613203088 3099.2414176715524 7748.8468329107218 988.75151705006181 3085.9442253299435
2 7527.7622483340128 1170.687513003923 3191.366379284811 7497.7580519246621 1188.7751515844009 3203.6807677122761
6 7788.2974101020627 933.37086342848681 3116.9199720818365 7763.0787428589101 933.46567533427992 3114.1454690361029 7763.4112397585795 945.77456263482418 3105.8325109993352 7763.7716669704641 949.93708523115765 3102.9234057706458 7762.2813583511988 955.82675753253386 3099.9202716002892 7748.8468329107218 988.75151705006181 3085.9442253299435
2 7178.8740038020951 1305.9921270600555 3373.023881539697 7172.4515956807136 1296.130755228123 3383.7236808555867
3 6508.8162905058316 1446.6745503014324 3690.0933903539967 6527.858349505138 1457.4788748788064 3703.106661900672 6515.7303494023936 1443.161021041258 3712.2357483360279
4 6508.8162905058316 1446.6745503014324 3690.0933903539967 6491.1403939704123 1442.1065545275858 3679.8827285019361 6481.4748496861057 1442.2500474920125 3679.0578314436029 6463.2469025948139 1444.6389565147147 3680.1646050460977
2 6508.8162905058316 1446.6745503014324 3690.0933903539967 6515.7303494023936 1443.161021041258 3712.2357483360279
20 6286.1096355471345 1105.7222061560956 3551.3973726034478 6285.1130713725579 1122.8916083657514 3554.7798707979737 6294.8542187812172 1144.0809552137221 3566.3079930960712 6304.7883044541577 1165.5902270347194 3578.1469572752794 6312.5782568194954 1169.9314936321714 3584.594749625991 6328.1586713613369 1177.5601522932016 3596.9282953764514 6347.0360215306328 1184.2365110838355 3610.281251444394 6364.6612270194564 1190.8822230645164 3611.6618740347362 6401.0973907249627 1208.4397683601551 3604.9358986563975 6408.4411597162634 1212.4061470311835 3602.4412362858784 6416.5150559176209 1217.2759660077481 3598.4112510994487 6424.1624115710947 1221.303546488173 3595.5933022360146 6437.8915918972625 1238.8267951369462 3586.0221327437544 6445.1948106758755 1247.7609767971549 3581.37178499334 6459.7382637072333 1263.6762608672329 3573.5048451336811 6471.4715895681229 1286.6485234296899 3563.4225713439946 6474.1732928735519 1293.1373952388562 3560.6047206265257 6478.5071817202206 1306.7227334005115 3556.3061261248395 6483.6452914577376 1340.9935043224802 3545.8768329100508 6497.6751898382599 1356.3322520298261 3547.3379094939996
12 7497.7580519246621 1188.7751515844009 3203.6807677122761 7488.0601951230992 1205.9612227861221 3237.0219780201414 7480.8468267744902 1209.7307165211439 3252.4448548346663 7467.1956176849453 1211.0477986589574 3265.4912137374718 7456.4151225263004 1211.9417822622709 3277.6294967189206 7445.1018052263198 1213.6889741559085 3291.7451281965764 7436.4653437843917 1219.2096452845183 3305.0784212341 7425.8133003410494 1226.3213508055046 3320.985134229782 7413.9456830546978 1236.2877684652756 3340.5310679898098 7407.2122586666264 1243.7553365760143 3352.5874019587523 7398.2202898953083 1247.311379133622 3361.2315785827304 7382.5089810918889 1256.8247045521205 3379.3376734053136
11 7497.7580519246621 1188.7751515844009 3203.6807677122761 7462.1790709571342 1182.897319351805 3180.1306603708563 7438.5923174582149 1179.7233756886023 3169.7739967603816 7413.1463809426241 1181.9703312338074 3161.8329566835755 7392.1034437273056 1185.5121907019391 3154.6038927845802 7364.8012832489203 1193.8482023162746 3145.2645631961022 7340.5487788782175 1210.0999771135655 3135.7896646216359 7328.630827315681 1220.3571381223358 3130.161289941866 7316.4594663373755 1230.6798293773268 3124.5372646702222 7303.6566848198127 1242.2514517982497 3118.3551488334592 7273.694773481282 1264.1383183893852 3114.0018705195862
3 7477.460577252903 1375.1659087471899 3422.1250131797074 7464.5081196990859 1366.8198069961154 3414.397490151769 7439.2942652413258 1362.5371351200467 3397.8509974709846
2 6405.4175586010806 1412.3618168224768 3844.9377721659062 6380.3833387661771 1392.9962502217757 3857.7232370499246
9 6405.4175586010806 1412.3618168224768 3844.9377721659062 6423.9727737216117 1435.5860083548971 3823.7155427316634 6430.3031239704042 1443.7388210392753 3812.6565677487451 6442.0258451516966 1457.6176804834868 3786.4267931016275 6450.3324079367612 1465.3240057520654 3758.1507471513091 6450.6313393996488 1456.753319868076 3716.6809457190961 6450.1877918318078 1454.5196587103922 3709.6837762992391 6448.8088097297759 1449.1783635471588 3694.3462941776284 6463.2469025948139 1444.6389565147147 3680.1646050460977
7 6124.6130541462435 1282.4536423016675 3663.848558169138 6113.7899400464457 1289.1842382223708 3649.1718930812012 6104.7994888386702 1296.0389245044946 3630.5086537009761 6098.0374750324081 1303.0252865943346 3610.4927710053466 6091.6680102402242 1309.1891898857398 3597.4707028474413 6086.3263809407126 1313.5645336314078 3582.810387360521 6081.331134573672 1315.6425287244394 3557.5219439912912
2 6373.2867255115552 1397.9272937690471 3489.0470007973499 6348.7233941695731 1405.6809257905841 3493.7796543296167
5 7439.2942652413258 1362.5371351200467 3397.8509974709846 7439.4097246944784 1322.6288237549331 3403.2885110122907 7427.0569777563032 1305.192583914172 3397.2836937538345 7398.6967546516935 1278.7105750251001 3390.120397440337 7382.5089810918889 1256.8247045521205 3379.3376734053136
13 6463.2469025948139 1444.6389565147147 3680.1646050460977 6445.1010897445685 1445.9220134844927 3655.2184835919707 6432.081375702739 1446.8616220734039 3638.8468855656815 6428.3983422724141 1447.1163935941991 3633.1018020802585 6426.1471022889882 1447.6175371395948 3626.3043423532445 6425.1411688403823 1449.3492624977691 3608.8148226745229 6424.628316225102 1450.9735185699883 3591.7709700640762 6427.7285013732453 1452.0539271843948 3572.764064465051 6428.9318878152653 1452.636936960771 3564.4608899344239 6438.7023458619788 1448.3281273322707 3550.8563758427108 6446.7541352071021 1438.523160343329 3540.4639192452764 6450.6359937790603 1429.1658303308288 3533.7711489332296 6469.3605458512593 1405.4974214612951 3520.5478311577363
13 7172.4515956807136 1296.130755228123 3383.7236808555867 7200.5140279030329 1278.7910858052551 3396.6933983168356 7239.5942915647693 1262.1295651538626 3407.1816965338853 7255.8195686042964 1258.9407083589144 3407.0934098323478 7265.8797753088866 1256.6977159224739 3407.3288818219357 7280.6119756046201 1253.4028288896641 3407.7085560556407 7292.9803169059896 1251.7689951213774 3406.805789242745 7313.2274503395593 1249.8146171986969 3404.7036578693719 7333.4501313239671 1250.073373110818 3399.7597157260802 7348.1084727737607 1251.9229755210183 3394.9067539738257 7352.849519715769 1253.1848236428616 3393.5899765769104 7364.4948096882736 1255.776019208168 3388.964655029904 7382.5089810918889 1256.8247045521205 3379.3376734053136
8 7172.4515956807136 1296.130755228123 3383.7236808555867 7138.3375342291729 1298.4950647504406 3386.4490613671942 7102.8385603964389 1306.2624246923012 3383.745810528761 7073.4721124494708 1313.7822797711858 3379.3234936762265 7060.8478157469162 1318.7859420222139 3366.3980964895704 7034.6376793822656 1329.5368056882655 3342.7215743977044 7018.8022484367557 1338.6579933079297 3324.3874723148956 6998.5931191089203 1348.3972251406535 3305.8270266279237
12 6741.9614247695008 1627.2518708082521 3296.4554518074983 6707.6488921118616 1630.6270099203305 3317.7552227319593 6695.5974184275328 1639.3483628537399 3347.0191879600466 6689.3226187475038 1643.1280847425412 3363.3996833782112 6685.1223351540939 1645.5217672983254 3378.0729288280877 6683.9168879859362 1646.2147177925501 3382.4730626752007 6680.9850075445811 1647.860824869083 3394.926226095145 6681.6721023331347 1647.6797910822252 3407.9149594326282 6683.061836718106 1646.4125490460081 3420.0648356052775 6685.2987349830728 1648.6347326935581 3432.2731893069281 6688.756862087881 1652.4129947030806 3450.5864135701308 6693.6908218647732 1657.5519805465003 3476.8638855005911
3 6348.7233941695731 1405.6809257905841 3493.7796543296167 6329.720209984549 1410.8436550822055 3494.3021292976259 6308.9261810403741 1433.9843956153034 3502.5494272898168
5 6348.7233941695731 1405.6809257905841 3493.7796543296167 6358.1799162080442 1404.437125912089 3494.6016639002892 6397.9911643771156 1400.0467082954076 3498.0083023625075 6428.3403525766917 1401.1914844095268 3507.5103288742421 6469.3605458512593 1405.4974214612951 3520.5478311577363
23 7273.694773481282 1264.1383183893852 3114.0018705195862 7238.2811299985578 1282.7192285077726 3116.0724380337165 7227.491609538517 1286.1003979801646 3119.0588809538062 7219.6714843403151 1288.7188462843355 3120.9178326527817 7208.5846399877946 1299.425321255236 3123.9707902488722 7194.6189136688436 1314.2005638542735 3128.3576529540946 7182.900112779922 1327.3638665877697 3134.7217908176008 7174.4977521775045 1336.7439173545101 3140.3084076386899 7160.9724356542793 1351.6091419904758 3151.6612811882492 7151.7512197174556 1359.9904245194859 3161.178579383502 7144.3539388809659 1366.5453031978309 3171.3483853684133 7130.7110859059721 1373.9102700971907 3185.3814601194731 7119.4331811126103 1374.8152803531605 3191.3520154436992 7110.7859082380328 1374.6762071229007 3196.8303364075641 7097.9307620570717 1373.3143262566361 3211.2587419175466 7081.1813042945341 1369.447915837789 3231.7956913362691 7073.1788056626538 1367.2697622288063 3242.3892377879088 7065.8176462879974 1365.263952467182 3251.9379425942252 7056.1548670552847 1362.7854418348109 3263.9586540227715 7044.0044479431917 1357.9220177383909 3281.9839978157797 7034.3519065973724 1355.3194379966449 3289.2499035571686 7020.3417003509339 1352.1756183692653 3297.2194723355337 6998.5931191089203 1348.3972251406535 3305.8270266279237
4 6469.3605458512593 1405.4974214612951 3520.5478311577363 6481.3587800119058 1377.1625073380385 3534.6957086867992 6490.4630599465681 1367.3042668433663 3541.054717120418 6497.6751898382599 1356.3322520298261 3547.3379094939996
10 6469.3605458512593 1405.4974214612951 3520.5478311577363 6499.1812787984563 1431.5161999439997 3506.5159968209523 6516.2766627392648 1441.898687478493 3502.8245061227612 6533.7918296805583 1453.3844674814645 3502.3098764165134 6543.1325714655586 1459.6192396327153 3502.1440231955189 6575.1727468319168 1480.048133741006 3500.8966264185915 6600.0399843342639 1497.7703516356821 3497.040540034373 6610.0333984496701 1504.0032783362713 3493.8775291542406 6619.940016673434 1510.2731232553599 3492.2853865538991 6655.0822948156729 1528.7499005218876 3492.7104959514991
7 6880.8625252685033 1342.0772651465959 3320.2858883985414 6925.8860475807787 1346.7052162224174 3312.0341187354211 6941.1866723158028 1346.8232164777535 3311.6377333016148 6959.6413068618758 1346.6654758505297 3311.107754586566 6970.3688283744796 1347.0431561834862 3309.8518356343402 6982.8449019077398 1347.7054822607347 3307.9449982986102 6998.5931191089203 1348.3972251406535 3305.8270266279237
21 6618.3853984224515 1235.811545491616 3712.5283151248786 6606.4855252955558 1210.7741188492969 3721.1608198884742 6601.987622628566 1202.5765505019108 3722.9263716768583 6588.4966876546432 1197.072961209147 3724.4765043844804 6560.3990293695188 1187.7227804479739 3726.8026540672936 6529.8133175367821 1180.8934571318919 3731.5651337159716 6522.1195394339675 1182.1047214939283 3734.1629456027972 6512.9319693867537 1183.6571296900761 3737.4309973212262 6497.3136940629929 1186.2441873511441 3742.9987378861288 6487.3138358074366 1188.5303269851265 3747.02985908131 6475.0517429299589 1191.4048726145122 3752.0236922017361 6467.3854901488203 1193.2032295452298 3755.1467365267486 6445.7652117867783 1198.5248887233606 3764.1510153694826 6418.3665139905079 1206.3388276793655 3776.3777161332023 6406.5979301154421 1223.1974017355778 3792.0313632375464 6384.8530817410356 1258.2100885339378 3822.5291929473415 6381.1894719656029 1285.0226906004359 3835.8781160705344 6376.8549071680545 1333.1694949308305 3853.4944967293241 6376.7267669685552 1344.7865471127689 3854.9852504156706 6378.2706678640188 1357.1279315511194 3855.3899810416797 6380.3833387661771 1392.9962502217757 3857.7232370499246
7 6618.3853984224515 1235.811545491616 3712.5283151248786 6630.9423457457478 1261.7903373931533 3697.1226608189486 6632.7675413604529 1265.4776154994845 3694.6009616676656 6639.491376639895 1279.0766400934763 3683.9125194538583 6645.5425860489659 1293.6858358576028 3673.4596786271236 6648.906848961311 1304.4895543941579 3665.1149388969689 6638.1790228181744 1326.4265153282765 3636.7526346999721
3 6081.331134573672 1315.6425287244394 3557.5219439912912 6094.6495034884529 1302.0708245507763 3536.4987968759378 6114.8050203598314 1299.5049140665476 3509.8982950763689
11 6497.6751898382599 1356.3322520298261 3547.3379094939996 6521.3558594637625 1351.4185219035221 3558.8702268327652 6543.3468266255304 1344.3317107012556 3569.9425452687192 6553.5741565749759 1341.6510285345812 3576.0539784980451 6563.7225304221074 1339.8209085776227 3582.6190631365589 6567.5871729284681 1338.6869554453665 3585.6611343891918 6577.7675643922439 1335.9719409857723 3593.5492536607148 6592.4116766965262 1332.7248464355901 3604.4835663332647 6604.871284943456 1330.0088402825922 3613.7582087054202 6613.7409774153348 1328.0988850743865 3620.323085332654 6638.1790228181744 1326.4265153282765 3636.7526346999721
2 6655.0822948156729 1528.7499005218876 3492.7104959514991 6698.9876542635284 1541.8259507940913 3514.9642536814658
14 6638.1790228181744 1326.4265153282765 3636.7526346999721 6670.2030763314906 1343.0709244519874 3641.5719519430859 6696.3215325864057 1359.237506330647 3642.6884419839153 6712.1302482916153 1375.8185336498755 3639.5259699627586 6721.8084651418694 1386.4235250826134 3637.4289624964836 6724.1375759778311 1407.6979697165559 3628.5936942305952 6726.782896592098 1429.6694784346262 3619.5483497888258 6727.8010917231122 1437.8112573867274 3616.2595021764914 6728.6714168865446 1466.2459732788086 3601.3867417060478 6727.6053166785368 1483.8551363992067 3590.3920509331274 6725.6894326719012 1500.1163364385238 3578.8447612211216 6724.0538200025294 1508.4715706595173 3571.8773009942011 6721.1656499130786 1523.5867122011391 3559.8001745583392 6698.9876542635284 1541.8259507940913 3514.9642536814658
