9 7463.1739842107063 1370.364320540227 3417.3884764942495 7453.1567212561349 1354.9722379840659 3412.8396243859283 7442.2712446194673 1340.3082532830226 3408.043631003799 7433.1476063025366 1330.5796205389067 3404.1981464804917 7425.8581367781171 1320.8306592249264 3398.1175629134914 7421.2959809428312 1314.3823128880451 3393.9097765329316 7412.6315690131805 1298.0948184618924 3381.6362507148347 7407.9461281731074 1287.5430245050652 3372.9720859456752 7405.4241939575431 1277.6279276871817 3363.8784175238252
2 6477.0408210502374 1330.8832179281856 3700.6393841861172 6486.8416632449653 1346.0270992443811 3676.0186171656319
5 6477.0408210502374 1330.8832179281856 3700.6393841861172 6525.6243838017745 1327.6302116707704 3706.9707280794728 6557.7918192258976 1340.2171108097141 3711.3883531615661 6568.6245955241393 1345.9265797684936 3713.1162270629789 6581.002525421608 1362.1705488931455 3711.506360585252
3 6477.0408210502374 1330.8832179281856 3700.6393841861172 6460.8454018549874 1330.3812262719384 3705.1544787723365 6445.561877134779 1321.1754184582153 3720.9741533119554
11 6345.430595748152 1364.6569480092762 3870.6437578202444 6353.4833940642011 1359.2956720933096 3861.8594695587562 6365.749267948303 1350.90960966485 3848.351270932179 6378.2708612766628 1345.138573977621 3835.8692970940251 6389.1606074351121 1339.9869166779035 3824.7312143375452 6407.8949072572505 1331.8492975731554 3805.4329070377971 6423.3210778375042 1325.4345381079854 3787.9778635455882 6428.7114173812643 1323.2534094232251 3776.7772227962569 6437.5928156521122 1321.130179061505 3757.9078555488468 6440.2917161188943 1321.9998376831566 3744.6615307155489 6445.561877134779 1321.1754184582153 3720.9741533119554
4 6486.8416632449653 1346.0270992443811 3676.0186171656319 6520.7718413572811 1360.785474947256 3673.9166483839795 6539.4186220030206 1368.3361746678929 3674.0098367067017 6569.4726088236639 1381.9973125317326 3670.5685583114714
3 6486.8416632449653 1346.0270992443811 3676.0186171656319 6449.9210590484736 1336.2132453522831 3664.3145746223699 6407.3709178076933 1316.9682615744821 3649.8837122956897
7 6407.3709178076933 1316.9682615744821 3649.8837122956897 6360.3098212993809 1256.1005143020307 3630.7422297724593 6347.7814258698427 1234.4983038435225 3626.9394926362447 6332.1665374481936 1208.7046516651342 3621.8546230070956 6326.8286670725629 1200.8211338107717 3619.6915861810303 6315.44354712524 1185.2400574271419 3614.6571266894816 6298.3926177809772 1163.6428729952568 3598.0330681819587
4 6407.3709178076933 1316.9682615744821 3649.8837122956897 6426.2991794205263 1309.70154080007 3681.8178938215724 6432.6832625429306 1307.6162351672983 3695.4757967139749 6445.561877134779 1321.1754184582153 3720.9741533119554
14 6407.3709178076933 1316.9682615744821 3649.8837122956897 6365.2943729757471 1344.5530829986217 3611.3710071591809 6348.5638755818145 1355.3153876020631 3597.4427126271094 6328.755855746319 1369.1100919679816 3581.5956890868383 6304.1733312070401 1375.4137879220191 3568.8032517563574 6287.0520768992374 1379.8513810819454 3559.915272160727 6275.9538229340769 1380.5654362659391 3555.6767535495451 6255.1995689521546 1381.4429863723831 3548.4536086596122 6214.2151843391975 1368.6530231445081 3546.2201144380624 6196.9385398598179 1363.052885894286 3545.5122338933761 6189.1025382147536 1359.5764334616194 3545.7575042272633 6171.9951747193782 1346.0872890949818 3548.6217151662054 6159.035492359536 1335.3572730132157 3550.9622298396703 6154.4688130112308 1293.2281924270726 3559.0374262986247
9 6581.002525421608 1362.1705488931455 3711.506360585252 6611.2944875482372 1400.3946278531498 3756.8163530968254 6614.3157267589631 1403.7511162449812 3760.502819291446 6630.5827182757976 1421.0990404137151 3778.5895289820546 6644.4927159885756 1425.3218737342231 3782.5013818285042 6653.574967736783 1428.7507032300821 3784.5926964580235 6663.8720866228514 1432.6800862866398 3786.9281053514751 6695.2951461919092 1444.3979224915622 3794.382452390078 6705.1000357591729 1447.8029456759252 3796.0382019613085
2 6581.002525421608 1362.1705488931455 3711.506360585252 6569.4726088236639 1381.9973125317326 3670.5685583114714
6 6696.7573253408673 1621.9318507858379 3439.6200785019914 6690.9058966950561 1677.4138034736334 3442.8344582323962 6685.9649769256312 1702.0213840535851 3447.7212934644463 6683.9923700569907 1724.4483794353205 3454.746812359921 6682.5603665842082 1741.8776169449116 3459.2462476171436 6682.050221551176 1753.0595953652685 3463.0141020472961
18 6696.7573253408673 1621.9318507858379 3439.6200785019914 6706.0388178882467 1619.8504939366826 3414.0249576972251 6715.2328564871532 1618.7386687848796 3379.6887851862116 6717.6399457860853 1617.609571800815 3370.2846705452043 6721.6243760365915 1614.4838124454407 3354.9409126066853 6731.4493133029 1599.783347826429 3327.8126965310526 6735.2446716497752 1594.3022685305775 3317.1856436855905 6741.3619536938704 1584.6621187819451 3301.9351761068765 6760.8965218945359 1546.5863805734061 3281.9865617957621 6771.9080188771732 1524.8603994453861 3272.4097253701602 6784.7146193500803 1497.5521285112875 3265.6912057003779 6800.0300633645875 1460.5482783272485 3272.1371524906604 6812.4614257387193 1431.8938288581285 3281.3606272760012 6821.611174802696 1414.1728734127776 3287.1585083971086 6836.1215179941601 1388.1591196644811 3295.9203984380779 6845.1063362737123 1374.1364284790036 3301.673462615543 6853.7489222766872 1366.8527419495449 3306.6650653163715 6868.7302530355564 1349.1568479739901 3324.7285043777069
7 6696.7573253408673 1621.9318507858379 3439.6200785019914 6692.3254173953228 1590.8745692312527 3453.4423426874782 6688.0999984018317 1573.889924481017 3466.3686549629092 6685.5589537498699 1563.8802454082906 3473.0526417532192 6683.2385344060713 1547.3931269006964 3483.6472711420129 6683.3698878079404 1535.4210019086786 3491.0152041686656 6687.0950377633226 1513.4408504668957 3502.3224811500791
9 6290.5895038108438 976.49352743392478 3531.8264319692739 6289.1661808698063 992.51730136767924 3533.9616580791449 6287.4746127523167 1010.9938587551727 3536.418787092191 6288.1281690261121 1025.1766053963288 3540.8356220573978 6288.7305755174593 1035.1928797323849 3544.028351425954 6293.2923746363776 1061.8272179506985 3555.1133232388529 6299.1899362205195 1098.9392007977201 3570.815407462354 6303.9401409075863 1127.8169049320989 3585.2616140850614 6298.3926177809772 1163.6428729952568 3598.0330681819587
4 7339.2859394196903 1345.8838294513093 3057.6227327582164 7314.6307070355397 1319.7541162523244 3072.1079059099466 7285.5379176312854 1298.2991839208075 3092.5048769719574 7283.2275109898374 1279.1732878227015 3103.5890361727547
11 6738.4935477263052 1071.2242511923832 3275.1125579387794 6738.802427214664 1091.688559386738 3275.9934961918225 6739.0394690399889 1105.8016378433863 3276.5702916054006 6740.223063369599 1127.5445479046969 3276.9674607956499 6749.2082202471356 1151.1189495486824 3279.1913961472724 6761.5859873325653 1178.7521100951483 3281.5840784056313 6774.1740191479375 1202.8095480151201 3284.1907080416217 6793.3048021204813 1231.1548841584063 3290.1199484841572 6818.5367956737882 1271.7718174300117 3296.8330116916427 6846.7554484986567 1308.1609818292034 3304.8500136520529 6868.7302530355564 1349.1568479739901 3324.7285043777069
18 5813.8861303172416 1054.5977992466978 3444.2034462328543 5821.2405200455914 1059.7542506215298 3447.584640952336 5837.4905674781849 1071.3289504760801 3455.0436265293215 5861.6607044771517 1089.1450046537032 3466.7820403778087 5884.5325945365621 1109.7307927264617 3478.8295250066717 5895.4731261071729 1119.4483021542453 3484.3434223260724 5907.6650501440081 1130.3990108742776 3490.1006582433347 5924.0835138750472 1150.5905664215356 3499.1422920556229 5942.5001720641794 1173.3280747766357 3509.1191402347222 5949.9720746530784 1183.1907012924264 3513.1051232608925 5967.5575526022503 1210.5816515700301 3523.6999340724874 5979.7788537992592 1236.4815117173255 3533.9870192540293 5993.9272178328974 1252.7907935538669 3538.2053062092491 6009.1010008921494 1269.4056006628739 3541.0269945875953 6028.7482321679609 1294.1901185084021 3545.6601435121706 6036.8355524903673 1306.771481776568 3549.7985802562584 6044.2952254745378 1322.7175795921203 3556.3247770140906 6045.3162755670546 1335.0988940422674 3561.5833596509788
18 5730.3350288384299 1416.0927274365617 3726.8191622562963 5742.327028459209 1415.7236141804747 3725.7183328296228 5759.8304692601832 1415.4323501999775 3724.4261767875296 5778.9598938499475 1414.4497633420735 3720.199308961734 5800.5142300605003 1413.2924858536328 3715.4536994431496 5822.5663176035087 1412.1662216113143 3710.7474418328597 5835.5498323473839 1410.8756768703809 3706.4856164598182 5843.9921107447462 1410.115171098405 3703.5973051246438 5868.6106195694019 1407.9363097209095 3687.5280322625599 5878.7773065278207 1406.7212456926679 3680.6537247277856 5886.4883173329836 1405.4782934844086 3675.0632089597384 5904.2437507749464 1401.6422326080908 3659.845692629498 5927.3582856906933 1396.7747339707773 3639.9283212958189 5957.6061001819144 1386.7320364584079 3613.405666894228 5987.3154300907736 1376.8939311645597 3586.7302249614263 6011.7782799623901 1362.4758208599053 3573.6505486374112 6031.0471070970807 1347.8912429362601 3566.6775306965128 6045.3162755670546 1335.0988940422674 3561.5833596509788
18 7703.0884124578361 1108.195333777825 3105.504057948865 7711.6019567485528 1077.6773641720613 3106.5335676864051 7720.6369576578127 1070.5728877518102 3103.0019488251032 7723.8591606986129 1066.7343786009685 3101.8363600117468 7729.5702200339601 1061.3773939870359 3099.6571354468497 7751.6205233471801 1043.1821313517701 3090.7758910840516 7781.3483941332515 1028.300077644707 3077.0421568390534 7801.9871461620924 1024.2726118750659 3066.409124453518 7814.9174098336407 1047.1878999417497 3055.8986742817538 7819.4424775501211 1073.4920321150578 3049.4387069117884 7821.8777836575309 1090.3885475522072 3045.5340780066695 7804.4143824222529 1099.7592847695753 3054.2963318711422 7790.2966466033804 1103.7038484856046 3061.5904092912301 7776.8766900467344 1105.5485996540917 3068.3917148153014 7766.244463584907 1107.0335003749649 3073.7298448275801 7740.194730925652 1110.1666748793978 3086.7886486034936 7722.9998802799291 1111.390491682859 3095.11556507862 7703.0884124578361 1108.195333777825 3105.504057948865
16 7703.0884124578361 1108.195333777825 3105.504057948865 7686.3400431808031 1117.2424923200676 3112.0748982792011 7666.3125450687166 1125.8553670779725 3120.2820932957502 7646.2085508620039 1133.5695990659171 3128.6311361200428 7626.0061230127085 1141.9056617160657 3136.3767875402746 7615.4366043268137 1146.2216105481161 3140.4579683415377 7607.3280169416466 1149.5197723222132 3143.5764053344001 7598.1813428879932 1152.5579697483674 3146.9836863245582 7573.1740519915047 1162.0446986944858 3156.4905152214533 7552.9421803736132 1168.5631526740613 3164.9776841770135 7536.8434165777362 1174.0701049574343 3171.7751749055706 7518.4603115008531 1180.3438344077731 3179.9062163869362 7490.4011666727174 1190.5422403798132 3196.6715982863566 7470.5721855753909 1197.0824461911689 3205.0065275685292 7453.9549177340541 1204.5567014210776 3222.4442378438957 7439.2605218627814 1214.6806796006783 3255.6380955139298
12 7283.2275109898374 1279.1732878227015 3103.5890361727547 7259.1721269972577 1292.9149112695256 3105.163363075987 7226.5268236961356 1311.0005470974809 3107.9551330378781 7202.8855111120492 1322.7808056419162 3118.0115532613418 7176.6832405125097 1335.5726062647122 3134.464207828571 7169.3582177390381 1339.0354553046211 3139.7726165011468 7157.2362689319662 1343.9803104394157 3150.7593674875898 7138.6368881956068 1348.7449193516061 3171.1143965739157 7127.4199142958778 1348.0296629896341 3189.2211045432714 7112.2015983768961 1343.814668072308 3214.0231016384828 7075.9659222006167 1335.6767576709167 3256.8987793345004 7027.3305823572837 1327.0081564010013 3297.9737020565794
11 7283.2275109898374 1279.1732878227015 3103.5890361727547 7294.1562009948684 1266.4907274439854 3106.3308018925591 7314.3228676805229 1245.1790058840911 3110.7828899298597 7324.293589068342 1236.1634414762141 3113.4630890820695 7340.2679540280251 1224.402146096174 3121.7743448315023 7353.650720103763 1216.9310048784441 3130.0156595939338 7368.5499572990348 1209.1361477403857 3139.6031616461137 7399.2402795740318 1205.9909769404144 3159.506112876441 7426.4418668734179 1203.1432718067417 3179.2465699325294 7434.3858931037757 1206.1752891345059 3205.4245527629096 7439.2605218627814 1214.6806796006783 3255.6380955139298
2 6680.5800504580056 1436.1727910234631 3577.9403647459171 6653.1822253115242 1465.1041800202888 3556.963158314848
5 7405.4241939575431 1277.6279276871817 3363.8784175238252 7406.1219591007584 1256.533921962641 3341.411684078967 7408.8343587036043 1249.0441051214982 3332.1335580958512 7416.3819130937136 1232.3348439711795 3310.6995622919203 7439.2605218627814 1214.6806796006783 3255.6380955139298
16 7405.4241939575431 1277.6279276871817 3363.8784175238252 7379.8600539139979 1276.0569202420043 3375.3908600429336 7338.5791057600172 1268.398212357486 3388.5319714449247 7322.3662145506951 1268.2878846761691 3393.8602423042739 7312.2732768970582 1268.4706696305736 3397.1258881169661 7301.663811784656 1268.7607995055978 3399.6818101641929 7283.9688765814253 1270.1880013076886 3403.0479064031765 7247.9240750652843 1274.8605871690399 3403.7503397156088 7227.7882379416533 1278.5639932566742 3399.1633841812945 7207.182067604982 1283.0551189735831 3391.7664273025734 7179.6547751721691 1289.6831392267386 3378.5490613144734 7156.6156765865162 1295.0840414722109 3365.9049937644581 7121.7497879692337 1303.3728244507024 3348.7678326594519 7073.7439031501863 1313.7178690999035 3330.1887769363052 7065.7563130029494 1316.4407321325659 3323.2357771815164 7027.3305823572837 1327.0081564010013 3297.9737020565794
13 6298.3926177809772 1163.6428729952568 3598.0330681819587 6276.3853561724545 1170.1815121620039 3590.9392507229209 6267.0196028866521 1170.8644839029278 3587.0267544117542 6253.6253278004733 1171.6477546624683 3581.336583627442 6240.3716707754265 1181.4422214258943 3580.1698362095385 6220.2694178799329 1197.2380389568248 3579.6869875410853 6204.9243345123004 1213.8403569468142 3575.5003615372511 6193.3343250666549 1226.855714912173 3571.7205168934474 6186.3903462982007 1243.2355358572556 3567.5373782182223 6177.1695288146702 1258.5621934907017 3564.6783005869247 6170.4243095056363 1267.1476688481139 3563.2179004456962 6164.8445477607911 1276.342140261901 3561.7206475720714 6154.4688130112308 1293.2281924270726 3559.0374262986247
8 7027.3305823572837 1327.0081564010013 3297.9737020565794 6992.1607005347369 1328.4504189086456 3302.3797670283579 6977.5956328041748 1328.0631950005011 3307.4253681510054 6962.6474673651628 1329.362577013396 3308.5849447666274 6948.5674081474772 1330.7396778774648 3310.1989721488098 6927.8519858262925 1335.4797883859399 3313.1933748690853 6909.9812936955368 1341.8619100827591 3317.22448586884 6868.7302530355564 1349.1568479739901 3324.7285043777069
2 6623.2270209263879 1438.4216986980712 3591.7232061025402 6653.1822253115242 1465.1041800202888 3556.963158314848
6 6623.2270209263879 1438.4216986980712 3591.7232061025402 6617.6648041279377 1434.7962642168804 3595.7045122780264 6604.6391328459813 1425.0113166666765 3606.8605576104769 6592.5100087045012 1413.5275748556003 3621.3136152867169 6583.8260473366608 1405.0422199704426 3632.1786387746852 6569.4726088236639 1381.9973125317326 3670.5685583114714
4 6623.2270209263879 1438.4216986980712 3591.7232061025402 6628.0557851397562 1444.0334079395793 3583.6569845852414 6638.7644957081866 1454.1893528394166 3569.7240400018418 6653.1822253115242 1465.1041800202888 3556.963158314848
2 6653.1822253115242 1465.1041800202888 3556.963158314848 6687.0950377633226 1513.4408504668957 3502.3224811500791
15 6868.7302530355564 1349.1568479739901 3324.7285043777069 6850.2624264338037 1371.9429914613415 3364.4676497961082 6841.1962778793322 1381.2170041689144 3379.2730318119502 6834.0063414687038 1389.2826040298978 3394.0228841502417 6827.1389845602689 1398.9912856980407 3412.3352454091491 6821.2706183965774 1407.8863259180403 3430.6402666170943 6815.8535872809589 1416.2099252044741 3441.3485082782649 6811.6564676710841 1422.597058098198 3450.7433730299053 6805.1333288294154 1431.1608093710665 3457.4755192505672 6786.9414884972575 1453.131792782907 3469.8064201366974 6760.8282314087774 1470.1053705295083 3482.4035970287778 6743.55713945754 1472.5934449702415 3491.6507707787478 6722.5094028349376 1477.6297755697833 3501.2810638606506 6708.3983395576588 1488.9129544880541 3503.5338496666659 6687.0950377633226 1513.4408504668957 3502.3224811500791
6 6045.3162755670546 1335.0988940422674 3561.5833596509788 6103.0678338763055 1319.5317397899435 3556.9827579241874 6112.6512197192478 1317.5026503658798 3556.8243877260084 6121.3075078959973 1314.7211832144353 3556.8646259500988 6130.5663990635367 1312.9329398697341 3556.6871582993745 6154.4688130112308 1293.2281924270726 3559.0374262986247
